Eigvals	3
42.69922334430768	33.784522606978975	25.54514033604133

Proportion explained	3
0.5040467405142188	0.31554872681929774	0.18040453266648335

Species	756	3
54f3fa8080e96ee8c48b77627ac0ae3a	-0.0761368508503896	0.018871386316966277	-0.4588091718581842
addf1e3d60f6910392223e40dcfa898b	-0.15154586051472102	0.13281107897188332	-0.1806429848832021
8c29c0ac4bed029ebbeb22b3935cc8bb	-0.032750039236241764	0.07664774277292179	-0.400349450866481
76f087ab34b5c467c119809336f32ce1	-0.04962225257128159	0.07684119194552738	-0.3530024979682389
54a7680ae00cc08205d03a9bad69c427	-0.11595029310682721	0.05355485057484688	-0.22999354885085296
f74c6b60fbc5fff9abf00f4c9257dd66	-0.18388467225913885	-0.21356085434245256	-0.06700114784222153
b0d5a4ec8e74ac4c6cb4ecb9406183d8	0.0978475119177957	0.1625789856453441	-0.3583078186433356
a24e0d4286b004ee3345384b6f377f9e	-0.13128221269882406	0.2600083710027418	-0.11593752698465234
8eeadb26c31091a4f66abea89c9b0c9f	-0.1362657872177839	-0.0952590705100506	-0.005371587728507838
d7f59200267ea0793cca2853de372896	-0.060870090086814405	-0.11313655732487689	-0.034753904597168234
e5afcab4eb95b891f9a31e053b8e106e	-0.1913615509777878	-0.15584568470526042	-0.040352071881901354
ca400318e1b2ccfa65516c9c7ebeaa3f	-0.12932986922891626	-0.18848986771802254	-0.07440597478247582
551c50d2cb548ec954b999d2bf9b5017	-0.17071997388375662	0.15855423684253772	0.010232174428730735
abb76b36da1bfb38625179bc85c72d08	-0.1504408184381261	0.045600409306788166	-0.07555795209491664
20f0e63024e2fff3ebe647aea74e04ed	-0.06480187369149654	-0.07895931100499452	-0.024329346554033304
fa8bdfa902a0b3b348fda601e6f3afb5	-0.06332909212524308	-0.05098249330982996	-0.018857577129250926
e975a21c8aa45a9bf84e84dbc9ec1c23	-0.22748188262051947	-0.009534653366482473	0.06060685013668319
569947e7e49847e617ae75331693fb9a	-0.08342030498471616	-0.08600887621813481	-0.007532182781478008
d02b22d9d7849de7ee526fb8422a4ee6	-0.06564612563332148	-0.0934500846095941	-0.02523957958057848
f950171df010c63a734b9818e7e3882f	-0.15320515607482169	-0.09280550768968086	-0.007745650331933555
d5d44dd9c92d73900aada583842f3184	-0.12101823733146296	0.04577420563335715	0.04854981794721963
762b226086bcf77503c994a9ee53dcc7	-0.07490400753176682	-0.030211754567660707	-0.005027999867276081
efeeb3b47573c1214842c4fbee0daed3	-0.133395436129528	-0.1702261155877911	-0.07462490009905971
303d855a8b65921f486fded570161772	-0.14390618422216805	-0.1748858770587787	-0.03801151263238038
afde234eefd17e7636b95ae8ed971ec6	-0.06276210027909299	-0.025069055616682476	-0.00413480052637741
fe01212d868e6993f385ffa9c4cabf50	-0.07701342668392215	-0.015108092612471532	0.00684083918637863
7d17d197d7978be0b6684209ce257e20	-0.04051088165810625	0.06934806912239949	-0.11804516938542227
ca03ab1dbdcf896b80e105f0151fdeb2	-0.02463751100577909	-0.02553236486464451	0.01103647178020242
de428e5277226657d041087412f0ce80	-0.06130203939651132	-0.025311597925167333	0.009708451613441107
d5f386f1a19e3146f461548e62256919	-0.01077392109120114	-0.020360412863425447	-0.006547696697790886
168ec6ea98c88559f8b696ed268b089d	-0.05057623967768436	-0.006858332135547786	0.012881526014198839
cd453c6d8ea3bd1ce70a8621264b9ad2	-0.1337488486789314	-0.07628095563843494	-0.010531318873366554
0bb1c8431343726b5826ba41bceb2deb	-0.16166711200918152	0.24690244114720283	-0.0672728774664722
9bdcbb3f4af192dc18dd944697425795	0.003776532171309671	-0.010542503550291408	-0.003517050215525513
c9a8e268027bd5ba48b43b1f7dfaa39d	-0.147721552789168	-0.012976763859935576	0.046482587247186936
6117c87d5383e33bacdc1a7d98a5e3c3	0.004122919441349836	0.03192880420766689	-0.0005481374256933125
620f4a5bb79a6b3e9ebb5c313b30960e	-0.011335586869030752	-0.04152213201531311	-0.0037662116573348647
a5d1217aa1cbc154c499796f9040d954	-0.19171488968989123	0.25428517683174084	0.04200865202570176
4a9d7f0130768c56c58c48adedff0a67	-0.007219927070873195	-0.01868245153927026	-0.0065712579377119554
342dfe3fc4505ad69bac17d54f5743c5	-0.037440646007300425	-0.020000153397680458	0.030692540553981695
aa18f1f0f79b19771025041b36843ee6	-0.2717041214410038	0.20075304201221006	0.11356901997432826
621ea53afe27d2b47a844157415b4876	0.013903971782430833	0.009849604540781744	0.01766664369417691
644bf633912f48d076e9b35b1da36cec	-0.014693489229218338	-0.024562999133323573	0.012046866798678647
c8a1b1557933ba9b273b9672653b435d	0.011410424578071506	0.020770053713167487	0.009657713836813072
668fdb718997fc1589c7817655d4bb5f	-0.01215299734058881	-0.01320937662806814	-0.005054941321878653
086122d051bc86f67b30f515956814a4	0.012914454666634647	-0.04352192016499316	-0.022986181476927905
26c9f4f844da09bdd5c1603be193969c	-0.012843689689571239	-0.009118495382421186	0.0015937478140101925
c672884a85b0d7f2fabe574f9cc7e28e	-0.010695657400103552	-0.02862429055623032	-0.0022942243822807584
8aad6681e2c231299c93cee9ca1bbf2a	-0.020824679345751485	-0.012589244002221603	0.01502548242640007
1bc340a1245b317fcaf9d0a62027f3b4	0.014970145511906239	-0.034683502349349866	0.013317386864584243
a634cde0f89d4d2d94fbbf93f9fbbc01	-0.06122142104786222	-0.07792672238814853	0.030493582544350764
1eef0c9466e826a98c46d3c3b76171fa	-0.02219021187157742	0.024438672607236474	0.017900497669331356
72e99c00798af5a924ab046229de1b71	0.003717558902715826	0.00044933513258040437	-0.024370080824434037
b93f04a201d47f14bed5f52b6b7ae2fe	-0.0006630484634017695	0.007731458274941051	0.010676770492088506
f15f331fd7a7e9407de672190d9a65ac	0.02116697879874823	-0.04849481457563718	-0.019479380942771272
dd2e61fec2afaff314b09eec8f9a33aa	0.02215083175158834	-0.04830010009329275	-0.004440238776765305
a7347c33a47d44709f6408357e32a650	-0.006240351270699658	-0.004726365300864255	-0.004221963624371829
b69bdd2ea33f10b7c93af972bfdb4e78	0.03902307357208196	-0.03630746250558985	-0.020412104640281183
814b483bbbbbbcad4aca81c90ca4a623	-0.18608465315069916	0.11725627601108532	0.10433387943678872
337392ec388e45af50c58c2ee056ea11	0.0024305693230411863	0.0025773667594210688	0.001617293370950975
5443fa3f8d3b189b7b60967095468987	-0.006240351270699658	-0.004726365300864255	-0.004221963624371829
635a69aed65de21ba084c98db613f0d0	-0.02551221830256779	-0.13009207037711717	-0.03216369412890916
23dc02b77279e907c1a638a3573ff2ac	-0.006994780727044478	-0.015397508463508373	0.004868074326879624
6eb35787c61245dc3970f174b5398671	-0.013803548796972234	-0.0019339748307182633	0.01258678972489832
6e45433fa4548d3bb4baa80475b85263	0.0012634689632377305	-0.014299218409073576	-0.00857012560114823
7b54600172218fd78eceb482000bd43c	-0.011033618936343411	0.007265104606160646	-0.014249844267143602
7d0a65527582d43eee3d342a57ea3880	0.002709656560494833	-0.011916666711883721	-0.015305901002802018
e78a758dd0cf4ecdeec205371b241817	-0.025277787698214548	0.03878701823281887	0.03266850163696091
28d09c230390bade39f1ef87782f563f	-0.005575470430276068	-0.02210410660447893	0.008319393147685417
6d3af5b5d2a33eb1fa3ed7c81cd79976	-0.008138398468574354	0.004574274793150474	0.011440003365478017
c3d7c607d8191e979e43b176d95b39f0	0.0005861685191931016	0.009647792023190617	0.005660835904205802
d35141c18c1298b289bc2c77525ea42e	-0.07054970315029215	-0.08089769377953782	-0.019012468770091457
126f139a676bc8b546c1c88bddc9f49d	0.00870777170792918	0.018579972617576573	0.016492624556812406
46fdffa999342dfe53435f14f59d33bd	-0.02214238972624883	-0.025134401713146567	0.005774295857492547
a8f220a43474dd4ba421c8299078599a	-0.00890119313756321	-0.02490409857842553	-0.00029450362247941745
d90e6c1a266bbe34df367496c8282de0	0.002489317771742458	-0.03850673836029832	0.009058391486842586
d0a230ab405682a02656b339ef742cb1	0.014637943094451815	-0.01780604621936977	-0.0005487214743614082
52fdc469d22151ff5173d5f656fbbf43	-0.011204000798404017	0.025686935948402996	0.018750387912446088
cb8bf4d9abd300e7c81cb1655ac10955	0.03622925420484865	-0.02985104898985401	-0.019130553569386036
743a38149b3bbe5e805318d7baa101b0	0.007759697015264832	0.007003840965220764	0.0057203905043247604
03aed0890ce95b1c85b351723a23be0c	0.02687481730149096	-0.0319932521292156	-0.015360437507330254
e1a95af2c563c155fa245b03d5248bad	0.015400072555404284	-0.03667209469683517	0.012425452269023373
e7ddcc360b7070725bf1e59c32e2d019	-0.008990462091516825	0.037090911784036056	0.038790408819129575
372868c395b5f16f7c05413fa1475251	-0.0020410055847482956	0.0190085330423528	0.014654976477444409
0c94953a36fb9d1e54439b668fddfc22	-0.0016953215982460168	0.00011816430277800682	-0.0040526501892345496
5420199d2a70e68cf7b96a56d992426b	-0.017477439504840025	0.03595704214112801	0.04488544048048684
bc0713d4fc7eb0d94e175483578ef41e	0.029632385765113366	-0.007192776647668024	-0.005651764085973949
6f2414f3216c719e8f1a44de9f625c94	-0.02153673228849174	-0.009354978896957479	0.01365211555975435
24960e8f902c4608465a29d4770ba66a	-0.013677696330972877	-0.016193523808138804	0.004750369595645612
bf70402d2a6aa0e80056345e18e51ff7	-0.0007332401849974779	0.0016886270483801957	-0.0022682474354420836
362e1063e1f3d66ccf0bb6b7302cd7c8	0.01324068148943835	0.020207157834369695	-0.0014900781505907956
794bfc205144c65854a9a18836bc6cc7	0.013063361440435371	0.019110135717459238	0.02496099230391821
bcc7da211cfd8c6f2b18577d26787e5d	0.016061262011184834	0.026191831383904768	0.009380244768011345
52cb96b8b33e9d957ed5c42949c6fffc	-0.007924200918635623	0.005022785367959099	0.008188989101596017
c99a4a2876c2f6418b97a83fe1af71f5	0.01381032762258968	0.01221812088210791	0.004788230586695035
da20f68bfe8ea0a07f397ecac0afa7f5	0.016627238874698344	-0.005667260592180939	0.020707269448890064
3039d77adad79495aad656660f2a23b3	0.01631211357019365	-0.019645312771244098	-0.011626537461904916
f86652f89d4459d3f55d786d66ba62b8	0.005678892476766404	0.007819587472451628	0.00226383787997159
67b6be7195555e9889182467318b4b02	0.009746216671945881	-0.004341874129932741	0.008045068951504714
e43cadf01bc378116a494927c947fa20	0.011728223142921915	-0.002876857916916376	0.005443904641854869
45f328a8d6ffb51d257e870777a296f2	0.019246105739981263	-0.04640484673838442	-0.008572002830100553
1da621e7b2112b4bdea5057737b10297	0.033756549364108	0.006473099107733318	0.03364701689172109
67e330de0289f13cf25c1f4ac71dbf19	0.005801400727430658	0.0018991512316241395	-0.0006203003774089307
88d96233dfde3069eaf1cb87ef1209bd	0.007069604994300725	0.004160880561256882	0.014834809694589859
34942e2265fbf2f5c32c4a98cbed2d29	-0.010125705915938768	-0.012622967673627396	0.004810410726926834
03a9c71296eceec82f3f2f0403c9728b	-0.015083903231638445	0.02750622708561379	0.04519417965657327
c99c58c47fe34bf4ce5c3a9b57f79851	-0.05321440299868065	0.006998351593063554	-0.0071382251331548454
2def0af0f2ac7b22d346b18e3372c167	-0.02193939978184425	0.045730481840589705	0.024978863769405155
1b158b8b2922d4fcad5d9cea607cbb7d	0.0048617005600830425	-0.022309803672065906	0.005742259774764443
af0c63913a3035b41e0a132ce16e98c1	0.019169511563603806	0.03092637351282936	0.028561507294045347
4f6f8f2b3e3966da6e698bf8b9455e8d	0.0629544170109005	0.0054415618043523045	-0.011211993005503058
c30a81a1a0b3cc752fdb1edee192134b	0.011591369930712244	0.01959704228786874	0.031249557775721575
e53aeaa04974739a764ce9620e2b793b	0.008636933304511171	0.004276107421431961	0.0021549042381323134
3af00b00d11635ee2ba43655b25bee93	0.02457363040723201	0.0016551183241259532	0.0059184064181589105
336573f4aaf03ea9d15b2805e918ddf7	0.028953422399811073	0.020441758437079773	0.016350016124383412
b5df6b3e09aba5b4c07aaa7690198885	-0.000389918112045562	-0.0007820179019011527	0.012116710976469878
919c71dd3ac14f5c3f7fa76503c75947	0.07709663851567497	0.018638705615781737	0.02371873891867396
49a6ee02e083296f52c9dcad1d4215c9	0.001350347085298119	0.008008413550960547	0.007987391159893891
e9fb3370544cd55621bd08beb6d23aeb	-0.006582273207952866	0.021328409161636707	0.014522371380355706
b389fbbd736a1d40ab3b5098a7614d13	-0.03291517347601095	0.04393036112665087	0.025601603438598988
2fdd4a195cd59ec3cbb2c4e80889116e	0.025767009090275305	0.027721513202442576	0.00598710370608625
d5834a837919ee03b5fe30586494ce32	0.03556855887256567	0.025387104595696902	0.0064376214182047305
43e473c862b83897551565ccd0c29321	-0.020682777880815746	0.045274286554079265	0.06439725084980608
77e675958fea43b7d88c9a19f4b4eac7	0.004394390261358273	-0.015691943706381967	0.04608488665746496
21b0e16f227e8d7a44582032e2fbc168	0.02662685358040979	0.025080629640297798	0.012217488097424489
94e450911d82948812495c0e2e94c52d	-0.0063435219193776985	-0.0058664739469122896	0.03353438084330556
4ac38d7c028643682710315c81361851	-0.03726760925536976	0.07134525909917323	0.06573027177346039
b1aefb19296a1b067309024bd74a76cd	0.033864891150930304	-0.014638239444324049	0.04608938154571549
abfcc1df17562f9ee659f9a5d817e6d8	0.010214971689116252	-0.07982904649439414	0.009524200033579351
89c92967ca2555463092282bb4ca74a4	0.03933017561172641	-0.00587671239959278	-0.009949522953262402
b7da97a80515d23327f312240d08da00	0.0044590172419583995	0.022446870263242182	0.03039949464734343
949ff29940a9526c6c3de2d024c099c2	0.015573814275365298	0.015180804032346756	0.04085876091101023
d91212f10fc60fefd74c0d7899fbfb2b	0.025785490293246192	-0.0004466836091058948	0.000610285702420645
885e7487e5f43d53cd1e3ee0f8a99983	0.040161713563716596	-0.004462405620480023	0.0030301699606631784
bfe54af4c9180d37a0d76f6dafe79a5a	0.03871572263963706	0.048227457092079304	0.013088861164827884
c0af637f2a2711a79aebee05ea2a830d	0.037964538958846585	0.0404353664071187	0.013225108192149648
f4a06579d87ac7baa67f95b97dc58e96	0.0182595390218196	0.011699512618554907	0.007108320301182149
3de4b1aa880c6757afa79dfcdc9e24a4	0.027756390139486498	-0.012811517266560461	0.009790104514249253
f0e5530113cf2321497725cc387820da	0.03292243778550103	0.027717388427543697	0.004739482702510125
9657f086e4339825752cd0f09bc7abf2	-0.012432971735633005	-0.04991345236105524	0.0437191272642038
dc4084e8b4ef575d9bdb4bf6dabe76ad	0.021139262331218427	0.011368267228581277	0.033534551656774485
5723ef2339aefcc4af5911f75d2bbe22	0.036016158190998945	0.025251289942256557	0.041021205373975744
f555621b3214529486f7e05525e13768	0.02059357990068204	0.03003316909181958	0.03262137854042444
9892ec965a17952f1a8607dfb47ef2f6	0.0056824762402802416	-0.007470900464430225	-0.0001066170784315823
c769d1568f35861bbcbcf63f115d7bca	0.03815320563220368	0.011721295059410915	0.011348623385873955
145799ea11fedb175952a9002e7036db	0.011757785336654926	0.013277511794415513	0.005991203389852251
5eb2b3e7666cf225a0f3ffb1637afffb	0.015795348167825494	0.01877037688235057	0.009091492150380805
b9a1e0631cd7ba5ccb15e32918353c50	0.00868308194853367	0.028243398134810607	0.01655087497210366
d85020ad70f79998aa3b7530f52a7736	0.009982383767475742	0.03385290744960529	0.024276021597643024
19bcd2bf4b89b4848d6969657e148a67	0.049022642262502525	0.04141169292674578	0.007587024504256866
d0d140a79ff49697c839fafe95588bad	0.02693313737784885	0.006531791122953354	-0.004196432215476524
efeb0719296ea871c68bf30d6ea6fb15	0.020147725082360343	0.035717429249178534	0.028755470430464943
1869a483ec54a322c6e637e32295b4ac	0.023593262367380533	0.008678659791450683	-0.00018779501638526078
a45f3606c932c6c1a554c57accd20957	0.013684379119304613	0.018502466580757302	0.0007759289423031783
f5b36d223324383df303174975ce46d5	0.004142211438458931	0.016897816901941386	-0.029253033044760225
887983e2a5a8d2578a3996533fdcd62f	0.005493323903243752	0.026408551872488254	0.012939517046184217
d1c633647923cef0bc49e96ec24b5f20	0.033957222656138625	0.009765600234671249	0.0006841894263884142
4426c70538f8bdfbb811a7dd3f34b439	0.02279137376699569	0.028551817969915006	0.01562952331126174
d4e3786047a633b9f18f820b28c6428d	0.04267976685734744	0.017610358808422193	0.006284100522408346
9e0cb08c3ea0122a214002d0d97a1dce	0.027754859297163585	-0.0033030016836159493	-0.003928958969216864
c758023fb0a8ff4aeb30d6bbcbd581ad	0.030439603432184548	0.006203464303450128	0.034246711619560055
81777c9184414a63c0586e6e5eb4eb06	0.0009255294365641325	0.025338072363351134	0.025301773716323427
b1aa73e9507653b687fb25e68fe7b58c	0.003657526486873113	0.0011051152324108515	0.029483050413435078
0c72c7734a89d258847dff67c2e0a2dc	0.048962098946307576	0.024514594316079313	0.013952507480118505
0177528d9a853520513721f68157fc2d	0.0279981227876253	0.04332484018637088	0.04647078580665303
85b6c8095010f7b65a912540fab03743	0.03564308118924438	0.0044430771770497465	-0.004963650146821477
3573e28bb76b6efe1ac2f1ea52674343	0.03555078902294541	0.05993937223522595	0.023216697380625966
8a3d8faf44d235bf09868d6ccdc30063	0.017776390837308344	0.010897905094184758	0.0005810285740119363
cfd65c7bbc3926cdc9b88c2e38bbecaa	0.05510134376364889	0.03258120431606177	0.006473886389208419
a1a3200b76bcd6000a0914892d370b6e	0.005856028516932164	0.011736003754018422	0.0011701094761368226
74d494d6d95f205b39ad4a0991043e6c	0.024306736891565615	0.009059775340543958	0.0009843553573626916
10023a77e8576e3b92a56815919ab9f0	0.03158391276181618	0.038008777620143555	0.009511439577215494
f742dfc22bfb61fc9b27df780176b36e	0.046319547351793985	0.01256664243613983	-0.0010329595409403892
c23a770ae8b5b34ce28bf7ec2c763d0f	0.013923274215258566	0.02370218527935402	0.011805876406956187
9a302bd617c1f9ef092238079c666afd	0.034972642511262635	0.03636613808470263	0.0145202417703607
c0f000f40465505b1d36a90a27305965	0.04168691375117613	-0.0034577472245006713	0.03451418579199418
32fbb5c5fdce0a6b64cb19098aa1c59d	0.028303461952330872	0.012710151270090366	0.00601487318504912
d372b6450fe1d69ae6cb673dfafdce6d	0.027877255373790454	0.008736946647931544	0.0003594833197671966
feba51d6c4115e707f76effae8befc8f	0.01065734160217394	-0.017685939065992196	0.03236762384928516
57a9dca410ed4793406ea8226b508df6	0.03273141674710463	0.020313393418395567	0.016257924146426482
d5f5b10a77280e764ab6249027f8a643	0.04882932134597097	-0.012001447563396666	-0.006736613101223495
3215ddc073c6860993bbd4c1fbf91f1a	0.03135932635950924	0.007617287963417676	0.005684654231813656
46192bccf8d0f37bd5eebcbf34fadd03	0.030933209498142523	0.01263976737730207	0.004502086016966675
596acbf5a34f6981625235280eab5da8	0.014143599901034956	-0.0062103492213260005	0.02484137713169469
493fb2da1433f1cee97a468088c6e4e2	0.05232738666932967	0.0006928861596619912	-0.008879618117995905
755a6e1e24f05f130de32c2d0a607b47	0.04117429613641057	0.05778137460634755	0.04415111299694487
6f4019ecb7d1c410cdc632fcb034e46c	0.06620931206978542	0.012894989413970754	-0.005143406777923685
5323c6dd766d629cc750b0aabb4aaf72	0.0050450805733789714	0.06275545183577395	0.043764138544922365
4561c10a4a9fb887af14f61b419db3cb	0.016288393156322307	0.01682554868302361	0.03564539683539953
24d766e4390ed83b4bc228a91b88a037	0.027335157681843168	0.01565675284595563	0.02197596915511874
737bd0f514a9db3139d088faec12e623	0.024641688008986876	0.030115300871056627	0.006234081815422941
1f3b77ba74a6b805443f2f0ba97900df	-0.012810923805337833	0.0655048690691186	0.0324480185447332
bfdbf9c3e090248df461bde7f25f000b	0.06820104935644136	-0.04725119091517237	-0.03248834377205686
cade5c586b6a0b2951fe847e3133a8f0	0.0670165563005003	-0.019815132509220196	-0.01819930317189202
b07722dde3556f875196368489a1d16d	0.01388191234590553	0.00696107485972728	0.01539727913619231
73ecb2b42a2a27b594d1940b3b01355c	-0.0029444732182636654	0.013197436755988933	0.027746490577725227
28310590e904f50b7a6f2c49b4f8a9af	0.04276597388629967	0.024309938620316728	0.01095775712224957
876d8d8e2f7f828aa27e74780b97fe3b	0.0007232387085863587	0.03407551534071553	0.05580295842720176
e362f6e46ab262adf09ec1d12badae78	0.01151696307050795	0.009122617429813686	-0.0023660095820935583
f399c6e61d7457b15e8806023fccfd85	0.018220446256036592	0.022635945798094206	0.036311194571790786
2b68a647f5ac49d810625f1f8829c2f5	0.016466799494838185	0.0018182247808826866	0.012679660802368493
8c5c485171fd5506add60bd4f96360e0	0.020659547547358343	0.0060104715346056955	0.015492534330664555
38193843b3a6483ce6b6d3717f9c927a	0.05305680248081188	0.005760656092602957	0.0065542699524145515
379c840d54ccdc406776bad967f1bed1	0.03582200770726921	0.043556227393287336	0.0129051448240133
4f3318b7a671531b6f82ca6fb5ae649d	0.04654879026028174	0.016017504269436385	-9.243445341271595e-05
ea831798013ecff2f15559f6282016f2	0.04560677524783104	0.014005655288568418	0.013818189478131175
374ba4929881c3823a4debec2407722b	0.03297414654471385	0.03599244164212531	0.010338527532403139
97fe8687db8a3b40b155c71aa952c18a	0.07803229194725356	-0.0022526439043885653	-0.007303527333139811
6578a6b1399c8ed843eca80a4ffab14d	0.014031339684140524	0.04082685874067803	0.032052000895432524
97093ef968c9b7022556102e62b5a0ca	0.028581191486446816	0.0350832593819	0.00946063140758107
65f0d18c8d7742b0d2127f4039325c17	0.061848872680360226	0.03321107977507218	0.016745797636234804
2ad0680dd47416fdee248bcb8ba70566	0.03560084029186128	0.041960354428238145	0.01847335251891044
43af1ce72798fa9f1da90f38b3464769	0.027996476310371488	0.03463532674293801	0.01015610769745141
a424b3f6c6105a9f19b6cf51610186d5	0.03556808171357965	0.016281253780894983	0.03138626960105235
e70dcf4a54ebed78db665d7189934a28	0.03579831919707657	0.04577017616119395	0.014889480504548849
77653177f10d86df0acc02d01e089051	0.04930487616329819	0.05346182177114747	0.018771061143306445
3923689592bc8407902dfd90c7243e56	0.2937757767263991	0.1051361413620278	-0.12440623214316938
1fe3f1bfd255619b3db537a8c88130d4	0.1369817831505396	0.026973922655062803	-0.10458095582708128
34396cb613c53b9daba4f828161f87d7	0.0003341730995668085	0.005413556028722631	-0.013310021779918114
5d8a57a297a44400723194b3a7acaa1e	-0.02645454367120643	0.0322604492904373	-0.004132357838096162
d92094313d59e352678a873ad1b1d6fb	-0.00014075699813913197	3.048245231190361e-05	-0.010926630859464298
2bb71b37ce6a48ff4670cf96fd770aeb	-0.0013696573612227985	0.013816589602031958	-0.01273593892296604
85977fca3636d8cb9456b180219482c5	-0.0006876143870460694	0.0007744491282505246	-0.0054710109078331855
62e8588c6d9d0697f3538e469a28e0e4	0.08328317811738502	0.05842076758110051	-0.04715272127291668
475ec8a061c841c55c5cc4754e2924d3	-0.01758966843658845	0.0037941311900595276	0.008241924515563761
c38f178d4013071d0e8a8c5999db13ca	-0.0608927556008896	0.08847749870490504	0.040123220074317664
620f311ebee3fc83935de6503a2ae5ba	0.008691868609440045	-0.007812812916303234	0.002291417216335128
b1249fe1336f87d059357280631a57fe	0.0014890535069906733	-0.01598888949962174	0.0027861369054754757
405e0d332cbc88c39cdd368cce1045c3	-0.020194181158142428	-0.01940558182460594	0.015306452077858027
d82166eb299c92060a6c4146558f30d7	-0.006980325330564166	-0.011740249667681269	0.003390202606208976
593beac676890c70f956684ed66387b0	-0.0009071714036743149	0.0033289268573599455	-0.0026041906078160286
6c49860d93b09077f37d3300ec35e96a	-0.0050990858154647675	-0.009058033062784262	0.0038313312018778732
64630447907d21d65763c70ee3f8d7ba	-0.046205275237496984	-0.024174970325817675	0.02643572260926699
f5d0c756653e860f49eb2ef329840519	-0.0010405764294556144	-0.017099271191110633	0.0038637557849016935
6d4599b335844e307c07952014a26bac	0.031144349314034356	-0.020545781811404033	-0.007095622634210365
06f8a41a3aa2426e864c4bca7b04f1c6	0.0073163311461949465	-0.06599612232723963	-0.001582052121051145
5bca41b2ae3dad8d6a936dad04c7d912	-0.0028288602789617923	-0.013054853456730605	0.007068885092098119
1d2d94585a3233a3640f395e89e16519	0.03020135071346674	-0.047236873143775754	-0.02374605981441827
c2ae455093e1df72dd43393eedc09c4c	0.011410943347511374	-0.031079052505871885	-0.0125532792255229
5f37b182c76be5e91454596127bf0471	-0.0015230139602882113	-0.007353765550881246	0.013356379573788341
0d9e287300f435ea1dcbe82a3454b552	-0.001352886518706877	0.0016518768970862263	0.0008733266042601489
16c66f4db379acaca354499ed812c3d8	0.003985142470116658	0.00040552341988419894	0.0024021058195167143
9b78b0ba64608201366511e508831cd6	-0.0013397225805222392	0.0011743558157728826	0.004506433346465487
f7797981fefa5131b5065c40fb290e48	-0.03762170490043024	-0.026332927133816478	0.024660211717968714
508524d40fa1145d6023b5a43a013f4c	-0.0029744499612424443	-0.020574789698268186	0.003873196502406738
c51ac78e2857da42b9af3a21bc4bf00d	0.050064959317114625	0.04279369791702958	0.010230448050189807
a4d67d8f1ff6a67ef210654d270b9bb6	0.04250454335265887	-0.0037680001616265876	0.027553427555457543
704f4c7db4da9d510b53d2997347e6fc	0.018509325552794713	-0.0402199459825721	-0.0037310136812023654
674d6193af7693b8c6d5cc8aaeb0bfde	0.02374831896798252	-0.040221703006292395	-0.007588114471137581
c73025678b47042adb89c1fe93282821	-0.004364123809368312	-0.04240998913121785	0.013418936974338058
3e3cc48c4b0cfad6f9f4874b9ca867a1	-0.00512912308885505	0.0019395016685895953	-0.0011964945367566745
8d6ed68444c4e71347ae9e85a4f8c458	-0.018178780670031116	-0.04688829811650842	0.013371837204734607
3d5e805f6f02e7f0ef4491898c72176b	-0.03807180826720014	0.05661688984307719	0.04342147861106696
8c80610e29b9f6b6937b1016460ad5e9	0.02161750565814953	-0.06134833957432346	-0.01819013781023248
4b1bf8fe8218ca009042cc3beafc3e45	0.0005162991714471614	0.007496802816587455	-0.006976593741238314
93549d2a81a048f3e0cc476f9bc582a4	0.030892311716596517	0.004340065721784907	0.02917985186129572
e6e024215a635bef49488eb7fa1b8617	0.0004677406689684492	-0.0046802917491827875	0.003372590766078058
79ff6626e3ae3be8da1b19226e48160e	0.008608335966225532	0.0003679744386319481	0.017319753088504707
ddbb3a2a7d6486a2201bb8770feb0a6d	-0.011590923239926524	0.03688791721572917	0.03077424546399582
e9048f943ef8616424da55023b9e7640	0.014116351179653559	-0.033778976797908006	-0.0014695661758064357
136dae13454ae2992d56b01656615d72	-0.014758574599052684	-0.04053984649156829	0.013624623237892415
1c9f6bce247da4d2033b370d65a7cbc9	0.010636162178951799	-0.017894655132074635	0.01166415101935669
13e1bbd28178941e2fdeb9f665cb3d7e	0.00583669961490614	0.0034428497926707598	0.030281548810119328
d67457b1af0cddbf1f33bf6dbe550558	-0.009696224540335604	0.027850628487504858	0.0470089670411575
2fa5dbbf2dde49213390762133b12b73	0.01677899238843587	-0.012865632302551527	0.03649651877849951
38b925fb63bc15209056eaa41832bc4c	-0.0027855515131808223	-0.03269723367058427	0.03419443223185113
d6a0cd620de17ed04d43387f2cac246a	0.014798314464082299	0.26021826051618907	0.016608334713718947
56b22d768a1396ed9e442d54a5ea4dbd	-0.02007844372753847	0.012471167602632918	0.01649975448995518
f823d7ed87c1abd1a7f25eb426552013	0.011426292169978515	0.00624816004371208	0.005779902596194664
12e7e08607f91b68a8f9907dec10961e	0.014891331042596136	-0.04763715693285064	-0.0018483454655660188
368c8aaf10922a92b5d77aa9eb36a7c0	0.030865360321011583	0.005828127550042696	0.0017418853081597168
3b8577ca904ec63f2e379e74765a37b7	0.030875860039095846	-0.03393493776742352	-0.023423911586387958
82ef26b1bdd7f26ba0c32a03a5f604b3	-0.008513673611847418	0.000255448057703404	-0.007185124418657325
c11b8c1a14674116baf79ae6df18db57	0.003941818697006947	0.0022003131143742546	-0.006126594276562004
62da4783d51c29231fdaf4603a8e2645	0.00457230630861279	-0.008580667125887538	0.012379011428800163
b90285b986c2327adc32927ca337c2e1	-0.013457229726797072	-0.002659784820285202	-0.003327252183993729
864b26b3643dd883c7cafd6b7a75b318	0.0011263818244659296	0.003474180687531447	-0.006812871174661879
da12af99cea508df22aa6680810c6554	-0.0004333249208211695	-0.003950240077233688	-0.0012508277185044512
f7f8a3e579880409fa11c309af86c4b9	-0.0007525371016114221	0.003062806081381066	-0.002702187755286395
6ce7f065c691514aedfb9f4d5170984e	-0.0006285070977771473	-0.0022739015149194036	-0.0017831548979127731
41e7e5b9b1734e7c70e403b282379dac	0.01883549741427105	-0.020974323815939395	-0.016304070757672796
5fcc5eeaf6990584f78e9026b24af88d	-0.009409232833040288	-0.024083611858285527	0.005954054498037551
fead6af603e9cc041dbc5995ccbce6f9	-0.05314198757957355	0.0721844216489791	0.05077496661792279
2f4c3e99b1cccfa140077f295d39fdfa	0.002275244704767846	0.000293686116591146	0.014970431127986275
2e580d583bec13e39a49e76cc87a6bb5	-0.0054381946913725845	-0.0034033276286321327	-0.0029310880810930187
d89ceea57ef35b4aef33e95f35b3eb2b	0.0007418643259081223	-0.0017550717678631172	-0.00015468779484475222
b07e81a9d95bb89a8b08afb8f0dc1493	-0.022319203947086884	-0.0010166283576777452	0.015898154142528584
a15c7f699da7912cae90f66ae115d9a4	0.013094518729540287	-0.0282544112857285	-0.013479904603688237
4ae9adef4e7cf64f39d31521ce36fe69	0.015441865172585053	-0.021651553337681533	-0.014499226685315697
8ef45ad4f5c8a05a95ded8e691c668e0	-0.010426800018190697	0.04846194268089803	0.03543021227599219
7c7bdd51ae13433ab4765f4cfed9b5b9	-0.0002032896094584495	0.015035112144686854	0.008002372417798508
ae2187f9f513bf20b7368f9fa91acb50	-0.06145579239395915	0.0051939321479825785	0.04624010769723202
43d9461add88a1a48c0ac97d8b50b4a6	0.03556814755162992	-0.053031029338418724	-0.03195103217714585
dd460c5e7eace59918df7a39c6f2fba1	0.006806010074770586	-0.01388870048809273	0.0017595636391027024
3b205ff55be6d27623a54a1a45899554	0.021732009459221054	-0.0033525639618078073	0.019094044774520525
2cbcefcb12eddf8df1be532a2b4b186d	0.012415860625047022	-0.03150062379273654	-0.01280651264110986
59893a4166ea6f614f6ef70358f810dc	-0.0027472678838805346	0.01073671176158869	0.02741182915375461
7f2dae3459f288b9999b898a0c4ce1f2	0.0277466810808152	-0.026717989488874484	0.007452585071803493
34e51566585afbdcb84db200d055f064	0.012416823715265946	-0.02425445017848069	-0.008972689519772658
dc3cf189dbf4799d813a380033244c01	0.008679320981810497	-0.023011195747439844	0.0008691041312149127
a3f9e12d6ee993d25441b9b0283ecca3	-0.011736230662566767	-0.019810243461264837	0.010201043908079048
aa5697cdc9134f9c196d646f6af68a1f	-0.009733851181187095	-0.010965767354132844	0.004933796781980589
6c0b6684fcc090bf8bad9bd30f687c84	0.024388348618375324	-0.011351842635652224	0.0008673997795524443
901e24ec7d14fc177f7f9c15ab0f972d	0.018954689518712983	-0.025551219753845174	-0.018711671829879914
93dd27d5b0b0ce7909170cb11cea59c1	0.012232118827760622	-0.031353516638440666	-0.0011978279543057057
16e8e03ccc11d99c52ed1295692c665f	0.00826889041924525	0.0005105991756364809	3.150965136431407e-05
4a3c9b518af399614dce3ae8be0ae303	0.00168398215001488	-0.0022632098400955864	0.003770561906375454
71dba79d8e7b6d387436c9689d8091f7	0.0056886568047329845	-0.01814871388853146	0.01436173321413745
14e7dd2667e3beef84bf37218c42a636	0.007321984763498393	0.00029996721651616843	0.007034508205888291
ec23b923e536e0a2279f4c973531e122	0.0009879177550453453	-0.005835340289483409	-0.00021963926410790033
9d4cd75fcbad92a28eafd061a190bfe9	0.02006555568679733	0.018799455388774408	0.008805893291259222
3cc1eab81a5545aa06824a5dd4990afe	0.024961920097818974	0.002068278574670413	0.007128815560943702
de41e94206b2ae242bea3832dd10138a	0.013001590656464885	-0.010288114191821811	-0.0026399147676488127
feafdfb2819501a8f30c05e63efd1c85	0.012536607014130702	-0.02489485114730243	-0.01325624253750852
6ffcc030da9043e7ce97c18d1ce9335d	-0.003261821407372903	-0.017025765482361576	0.021827408948207182
7db69c3255d69e45df0a490128892ade	0.002806725375434386	-0.00701407411296406	0.012990216118795556
cff0ae11f6b5cd20ab0d14c2cb6f773c	0.007300522225405305	0.001894016382424721	-0.01697627120979493
63719f456a56665896ab7d78348f3883	-0.008509248294619808	-0.06038850857306764	0.0050313562432274936
ef6a6403aad85a2e3ecee88b33d9cae3	-0.01928452807802677	0.0028016787316573507	0.0149729088553263
c5d4bfec50f344e82b5df2abfbde25e6	0.01307168904277117	0.009532086934325073	0.017468514534118497
746d409afb89876fe4a8f0ecff94fc90	0.009260618775116374	-0.0035167672869077307	-0.004064040893735261
efb50d67c03bd1cdbdc29cf5549e7897	-0.006163398759715813	0.0016810295775743186	0.005026421926148738
7bae376e41b6259952179d259f069c1e	0.0026348007835732237	-0.01997131735122885	0.0012624523700235709
2700db6dd1459de93b072b5f8f90c146	0.004671041594370671	0.011232656233407724	-0.003430988007229287
d8a012884272d137adf8c24287f095fe	0.014433609429878756	0.01891654317188425	0.008350886585037205
4a019c97a1e854f9d608209c2939d548	0.018112947084390284	-0.012167590155782093	-0.004885204588039157
ec06da1a568c7597daf7cc12742e95b7	0.026547540208376543	-0.009005505011235055	-0.009700873911793386
736b3ead454017dba35ca7b84ec11f74	0.02410321436623335	0.030766858973610794	0.01662771125850162
d353248c8a7d31bc9f8378a320b77924	-0.027113248491107248	0.06751851307866222	0.018295750631163753
54e7b2139640ec28fbaf7f0491cad845	-0.013290801972728146	0.04374127612023843	0.02416775029205528
0a05127cf02958d9280b4663b09068ad	-0.0007013730178906169	0.0017416442257322964	-0.0038697820138274383
f3f3bdd4cd92692d751f7d3d95c88f17	0.005538366259972376	0.019345964579181585	-0.00596421740979201
1f6cfb5d28206c35f4e5c9b19373eb28	-0.0008198933215932915	0.001542120260899765	-0.00324422293049733
e347595ec60d11931a28b5ddbe3f955c	-0.0008518079974609668	0.0014883932414226748	-0.003075774869221296
e27680d4009f98f30248d823bc17fb8e	-0.003618356054502267	-0.0017505561704484987	-0.004908040205571937
82c9301910553cad6bc1903cf4926c94	-2.2835435548873078e-05	-0.00026917760024231186	-0.0025723885141568682
e795fed13ead27da7c3bedd15b4a59c1	-0.0011278457485547576	-0.010808552350691638	0.0052834255250017
8245024c50ab1ea0307df501e2594135	-0.001013475285800371	0.0012162331359767532	-0.0022224827535364607
50a3b56e0b7db75ee9daccf7a751ba41	0.016545450189440605	0.00044499690918770935	0.0018255016051829753
355c8791277df2271174b0deaac5fd77	0.02223762942458441	-0.027170476451673507	-0.009445693081153334
552d5178c62407b937610689292fd8df	-0.019499965904641564	0.008411448395576601	0.027016651477176152
61b7f899f44fd2635c07f0f57253a1b1	-0.0010962653764516736	0.001076859487584557	-0.001785510423912925
176fde83ff318105cb14faba38553161	-0.028513189741362768	0.037552509701575296	0.038175402527656555
34d22eaeb60e07b9aab0636b4b124971	-0.01732929848757002	0.01866841361129213	0.011620483586870012
744c3fdb8e08f9502e7aa411158771b5	-0.008557036056897224	-0.0025759297216219603	0.008293704480239146
aeb091a4d196e216c7ed9c8cc29f36a8	-0.01267141381715492	-0.007007693595753666	0.013415090683596255
e4d4642a3e2cf28fea659dfd58d33258	0.002717827108567412	-0.007077165814966912	-0.003867005350397122
15c1f97fcf8605bd8a10ee58dfa039bc	0.009492572763704564	-0.0240824189280511	-0.0002409680683155003
b0ece91adb4b5f088b363eee0398a44a	0.006112386539018067	0.025471155459574082	0.029826639539390423
bbe4f47f4343450df3a73468e3e729eb	0.012058668787158645	-0.026919613981028677	-0.015874485299025652
71c56ca448b4f4f1379615d3b2c42ae6	0.03722416320834469	-4.540806516328295e-05	0.012954699293131106
392aa3c45e128c7432f91b3de84541f6	0.0009960161594619774	0.004170630666736009	4.250931447976349e-05
ba14674a604faae7a83e0ab9d7151dcd	-0.027037457517742863	-0.000588766683533588	0.019700336242778126
fc1a8fdcf9c770e509702e2e358eb0f2	-0.011664486765085368	-0.007091195435871019	0.0025473184912417875
db35224feef057db0ebf36da1e65729d	-0.009233208420753364	0.0016968852319396604	0.0049999038888251576
f9ae07d519fad6b221ff8e7be6d198a2	0.001600171846829306	0.0026341034667062492	-0.0050716209619355935
b51370b694e2a82ce134ecbb0f623426	-0.0019970122465278266	0.0016061403910797962	-0.0022316383583413954
ce056aee85a4b20c855804297c443eb3	0.0005378170078883922	0.0020580226608529	-0.00391440326485245
f6d27444e713eef73108a56aefbb36e2	0.0182121597183789	0.004904968848365236	0.005247934864263978
639ab900a3670a60666969ec2b00a161	0.030156886901440628	0.03223365630182308	0.022620552608810712
70a8105107d207b796651d66bb969518	0.00013053881473387805	0.00183716881699706	-0.003470757210371899
b2487c386ddc1a950ba23034e0d108ba	-0.003919566746310035	-0.004896458505557428	0.000856694791386925
93e76b45701b5a366aecbb2b19f51e88	0.003588282138877607	0.004721508835800441	0.004446861294440552
540b47aa411ac433b437b33c720e8c30	0.00013053881473387805	0.00183716881699706	-0.003470757210371899
68f9b08ffd962f5d5f8e358f73f64b39	0.005301885653825377	0.002938339008905139	0.0024221399211342798
1b9353cdc238bca17c1e219c34de6b12	-0.0008957202684997027	0.0012806615766545485	-0.0023528584355198283
05f062594f2319338bff014f9682d15c	-0.0009686723295318764	-0.0013448173807389737	-0.0023490007713512797
ba605bdbfb360fd1bb0f1ecb7fbeea34	-0.0011061523735460407	0.0011665510250676943	-0.0021236358188686465
062a6144ace045f92272871de1586fb5	-0.0011061523735460407	0.0011665510250676943	-0.0021236358188686465
86b0a04c2bbf5bf3ab74287711ccfc0e	-0.001332185820841713	0.001043980368169557	-0.0018774187398331436
2e7326bfaca8be0067359c8c1e0d9750	-0.001332185820841713	0.001043980368169557	-0.0018774187398331436
ff3a9644db3755fbd125db5355dc2740	-0.001332185820841713	0.001043980368169557	-0.0018774187398331436
9ce79eddca0ea3c12ece1c578514fea7	-0.0015763205423909743	0.0009115939733684657	-0.0016114840352565473
a275faf613cfe1ea313288ad2704b903	0.006346967600141468	0.012657631775083606	0.011717081215663677
3c7808c4d745df5df3e344d32beede12	-0.0018417100939241528	0.0007676817689823032	-0.0013223965529974887
00a7b0037094adc4a8f638508824284b	0.0019967771467181866	0.00015253005283286312	0.007746198054201829
8ab956c40565e0cae7906e3d93b426fc	0.0028672315118319918	0.0004233079029969243	0.015286334906268068
107aa7e6b56274803bffd1ccff5b2ee6	0.03208635639984402	-0.05486346564619368	-0.02915934538595043
3b8859e7d2c1f588fd23b3c580838c98	0.0024130502760191827	0.005710479127253243	0.0013091843239836564
3db891ab0cd6dde0a8c847165200d262	-0.001069840435686844	-0.012235836981626086	0.008730758010814308
a4ef0848e568c94beb60ce539b05e047	-0.00020662424707203542	0.004304234645079124	0.0020272261305934697
4e8816e59e35ce95b4d2117d85e356f3	-0.004265151113230711	0.010597995169200635	0.013782935837733518
d006dd246f93f0b6c13cce206da7c478	-0.029248746839273303	-0.011438541930026953	0.01532712188454057
36d1c1a5acf6cdc10ba0b577edb29280	0.0011582891201749944	-5.04156436944558e-06	0.001785528990805486
6c891abaa8f2147383dd332e601800eb	-0.02125849098524152	-0.011003418117686353	0.013533941576602614
77d6a7db6de3bb1f15a02fdb36f90627	-0.014814736040141186	-0.0008837949266060682	0.016047777037058154
477299f829ce5deb0ceebf2556311e06	-0.0016743063619171304	-0.0002445634899238535	0.0039688914194805315
6b610421e8ff235b3ffef754f5590781	0.003111737821651468	-0.0006911549521560322	0.011083376562199532
6b9e80e287ad70a66c684bbf9ea993d3	0.0007482377073314866	0.0010565634806227694	-0.004318455960160996
99a24244b8ee4488b1bd89c76fbfc176	-0.0101888534991468	0.002264798057050922	0.014400148252236079
db630e0683ed4442887db5c533aec240	-0.013595210041975454	0.01882454000189488	0.009635804475162851
677929eac52be081cdae08a0b9c70eb2	0.0001918704856494771	0.002071041434654843	-0.003159697313979405
e60e2669f1e3f577f25fb857ba8de3eb	0.0037429128243711856	-0.015741755467730215	-0.020128008417029247
2743127cd8d1e4ad474b21e83ea2a7b1	0.005027135830934063	0.00048953436154217	0.0026027405458451747
33d5a2c7d222f0b503a88a922c1312e1	-0.017234689417226376	-0.0009547065592643387	0.012334221285078556
1a75bfff5c6cd128c642855486ca46c9	0.01434277708779892	-0.028777103102693626	-0.014570603878838753
c7e8256e8c26ba135b468ce394833632	0.0033927290121083696	-0.008706511164731583	-0.004554416205586563
01df493f28bc5ceb16c7051a532ff58f	-0.0006890658624497256	-0.005727874563557363	-0.002353907013623848
76dd8df948dd121ca654d7a54c649273	-0.006999925540057506	0.0017275587912894	0.003075019615347091
5d219e8d41e6dcf10c02e9c081195d14	0.014348053388569827	0.020972652656943928	0.0070303617228328055
b518f3b1f92a902d5ab155a443394569	-0.016966931953965692	0.0234574924978838	0.02488923125826418
8daf31d6aa9722efd38dde721253b3d0	0.005699102620103306	-0.01626408217862035	-0.006355148259788726
65a39bc08ea93ac99b021f4dc1850237	0.007318544829359488	-0.003688818945065239	0.004628193063414268
2492ed25d038267e051cfed7ccbbce84	-0.004310295813701645	-0.0022216893063750163	-0.004317410323896245
97d6bee36c1067c3575b775785593bc4	-0.007584030410390364	-0.004389917254395495	0.0042077168178991375
13f32eba3b63edbbf5169bf74a696b73	-0.010711491343036573	-0.0022559431666439454	0.006429287904223226
82c25eb50099d3b163d4c2a939f8e0c8	-0.019787953134932857	0.0018980760217439468	0.031964111725528196
892491fdeb936adbcff225e26ae6c5df	0.00025618558470590845	0.0014027402815784626	-0.0031979703535327565
be910d3270401c3ce60512b18da373b0	-0.009661749068551604	-0.0010361642335248447	0.004102547271794358
4f0327d92b133d32fecd7992814c7398	0.03669715598792719	0.023238162928505595	-0.010838690462997689
08577b6aac2f5f6555ea43652073b45e	0.01276269228890502	-0.012301369595415048	-0.011227495787661683
24975bd55b6b72385504f60047478198	-0.017074279182540553	0.017604575800839514	0.054782522943064786
074478577353df0840cde9827351d2e9	-0.004621816966530325	0.015869349131546907	0.002855689154852417
094226930fb6d71f02c7b6124105e94b	0.04461381028500561	-0.05416349820666947	-0.03104141968083112
109d8be93136956ca2520f3ee1ed4fa9	0.007509076370360938	-0.02582237704838134	-0.0026221364187737125
253789f4989c670f6080a835135e77e3	-0.011651821315512179	0.0014309893107359664	0.0034517988814779885
4203ce1f1e7f38cd6b37c477cacb7e63	0.001772712085028709	-0.00785141559854264	-0.0032770749128567724
75dab4d20322c31e499dccc2cda0a59b	-0.03107136757911589	0.022547573972236723	0.02378093183713842
6ae041fdd983ace2321d4a2355b8a290	-0.000277405116703024	0.00612077482398844	-0.001052331781762993
1971c4a7e93ad83261ac138cd6b0c9d9	0.00447881765774745	0.00024724598689821034	-0.005596378880323232
3d5bfcf94853694547568e902f782638	0.007989747417064517	0.013492495808333043	0.008185091360947576
7d2cab9e0d79eee5d789042717652258	0.020686771934156172	0.02028861387123885	0.008615604885904184
6bf24fe349d631f47d3fd248b844e264	0.04815180953117572	-0.01819570822782593	-0.010377938294816052
c4cb17da3c1460dd8c5d00b42ad2a7ca	0.005879742296290709	0.000655561981247604	0.002862976612668259
208348414870b1a84a387efcde5aadbe	0.015532377671746414	-0.040539620257401786	-0.006285275525336112
788a3081b41e1ca617b78c6d8c4bc444	-0.004598124577319818	-0.0038900880996991442	-0.004413820388366446
782b348f2e32b8e652222c0d85eb5858	0.0067167717572817415	-0.0011834848093664834	0.01937881758016642
5daa2f099d4c9c1e12c24d4a7c6f5dd3	-0.008208450705200121	0.010962946489536496	0.004364372538516313
cbe405abdee9a81c802623986db9be66	0.00414544392165847	0.022710719477238992	0.03663896736835603
62fbbd170829dde4f033240443720751	0.001379139916490951	-0.010880680567854743	-0.004826951881036226
95baeadbc98c4162ec7e6ff45e2b1367	-0.011313064709845558	-0.011395143130471047	0.005550099444771751
2bb9c7ca9048684a88d2ba1d54d4b30a	-0.0348521709125684	-0.011226846720278214	0.05081783844738188
0fdb073912849dd5e3c765c8d5843222	-0.011994922771066981	0.04339605923787671	0.031409294669179195
8012ef313cf8538729ed0de9d9e05dfb	0.03129390271143728	-0.046927275902840335	-0.017726923694308633
a087de0a57d9ea8791e50e015508a4f7	0.045293384958462524	-0.019315571668407864	-0.01889714628068873
c584905cb02110f5621d9075735d12f8	-0.016059085782808995	-0.04476517258331546	-0.014221921239198037
9bccb8b84e464d1879aa4e2d0f5fe880	0.0009190478747996584	0.014881783568728485	-0.00041163180099269944
03b178cb235a654fb12d4646222a3444	0.01572145617218109	-0.02571699885590526	-0.015205394874755989
4d04216bc5451caa98d86c8558d64c8e	0.046327081901834856	0.00789806281544141	-0.006019149459190036
b9c366ab3bed47ecd533f520b371312b	-0.00876039186838096	-0.04467450692363314	0.014731210475175439
7574dc6b10991b0433b800e78219b231	0.004081229837326111	-0.02570964004406349	-0.0030575432006489144
40295cddbabd5cc51a9e0de35c59c6ea	-0.0015224419880992632	-0.0006144573185664052	0.019210171360236814
a98549fa243e072960a4c8fba0f1f3c7	0.018869629208427604	-0.0006317207660935625	0.009809793147055972
467182e7c24e45f1dae500092292f434	0.017377918335647047	-0.0287978054248451	-0.014603989202817073
9adcad2b9a0c6ec2cbd430ad67a8f95f	-0.01710814577824493	-0.007571008640453218	0.03392278686766677
82c60bcf0bbfabadce4c4cdca1bf5a3d	0.009894944791262305	-0.012744622411838508	-0.006757495232512193
74cfa42aebd8ac3e6d6177a4850823fd	0.01639762441481684	0.002198119804632519	0.013268485021268149
4c88ac342a1556e05dd786f47099f724	0.009371671890076138	0.00577854307498287	0.005961160234830234
3330b9d45d51fae1d4da88fd3052672a	0.0033601068577222	0.008144059354172872	0.008361286706877141
4f212cbbe173ac0b28ecc4c2282b6e67	0.12153871035103775	0.049305186768988755	-0.07034201149598061
f4f297232da0f8d7dae7f9c432501e22	0.01484041257543186	-0.018014066710504168	-0.0018536540892306725
7d1e0ce268d40f6d52cffecca53434ea	-0.003913739566373698	-0.012723505327792437	0.004563792745264998
2a3295260afe34ae73f44a8ba7dc7d50	-0.0087413127490235	0.0008020473603036081	0.005990184176706518
d23fbef2f31d48eda40876cdbc49933a	-0.004724463477717693	0.0016937903803816822	0.0013533529386467692
df48fed9753b9024dab7f4546b20a196	0.0025925880424314315	-0.00034785436322987866	-0.005371008363622276
7d501295153896babb8af5384bb71255	0.006439337181897788	-0.010372264861176837	-0.00031040706987765115
36934aef9f30b3a823b34b6d0e6b6d89	-0.011783595130617228	0.0002658609953538099	0.004380627463738474
b17f7a6b943c8282c5a7d810befe0ce4	-0.0015008990471860031	0.0010456616173819292	-0.0008454063742778829
42813a7ac2260688d1e5def012a3bf78	0.015582436943472827	-0.004471038495190328	-0.0001190604844467985
ba0d119de788a42dc3dd675b4ed87ef1	0.01641058084664218	-0.018875184899406282	-0.010704499500854043
46bd431314d551a4394037b4b0e5f9da	-0.019936672496659556	-0.014884299230972233	0.024260498049599743
b158e58dd489c672f709dcb0963abdb2	-0.015470451048010937	-0.005184854856850389	0.014770177201383279
e269d8c81692a109f5be5e0d96cc45f4	-0.011292419564651986	-0.005918056998323455	0.01326349730059447
dbe84afc7a9a818c0eb2b4c85b0d4c52	0.007213760694210442	-0.05524576763732425	-0.014207382516230134
a546b30c84a6569f46be36572564185e	0.018832716193413566	-0.0694058762194529	-0.01970861050779913
f0881061f3e749904b990eab4f391ad7	-0.010716861378173051	-0.005581304164229548	0.002169812499792469
23d11ae588d989ab4c798f08f5376a7b	-0.025703454619352018	-0.028175806610645757	0.02881907904392829
c5dc2d032ff2bfe47ac8b6579bcee768	0.02847339499849142	-0.0938678414394164	-0.02527789615183052
74eae83073aa4e2f5ba8279fb468a064	0.013780636360375912	-0.018882184192397764	-0.012381884379826583
4d467d10ace731655a8a078791199934	0.013825875108963291	-0.02212429274891106	-0.013618783593999352
0b0494e8514853f77d926100320d2cf2	0.018343932267043266	0.004712657446023468	0.007185041325497671
e5114ee18a442fb3ed8ed53a422ceedb	-0.013187177401674275	0.0048876889195750865	0.029643579505216053
5ccb7dcb189b93607f6ca116084a076f	0.005627731157007761	0.01607160107554476	0.030378234662090293
3b482b3f9da81db80a221a66031aa159	-0.01313662990070966	-0.009044403981188422	0.010945744205010191
9ecf9e738a8ce79cec6ad33e55716f36	0.011337356979094947	0.014872304062109631	0.0058099318186727806
c5ab4764035c86616e4847ed1fad1ed2	0.006118958855785296	-0.02071724495575124	-0.0029391484112780137
919cd365c7680264ad154fb1a4cfacd2	0.03537962799964735	-0.01451883865800029	-0.0041494151994942875
e232312b1ef5d311cef1169ed80b4d2f	-0.030113314902362485	0.008356978927036608	0.019544986186657964
6797371940252066205fbd1b85d623ce	-0.005731066106628365	0.008946400505594837	0.01843765462199333
e6f9b730f681ecbfdeef094010164718	-0.0033543372232834085	0.0011177085432119555	0.0009858764494530719
d65886bee0f292fbbf5fc64ff1bc0b24	0.03832927122938921	-0.0398749371391726	-0.021994375641090674
d145d358e742d8b52ae785145afe134f	-0.004033869803047624	-0.0019334054306163007	-0.0041420077394375325
6b0ff3b95f5a0170f8cf05f2d648be69	0.0104982393644291	0.006387667014329496	-0.008530829335515425
520ee5d2295b5a7ec8779c65ea59a238	-0.003117892951305276	-0.0009781358584773424	-0.0035607863604513942
7a8b1ae1e329d271d5667f81fada439a	-0.0027782526459989862	-0.000623925980232134	-0.0033452719550012017
170860bb761a94785bc0818032027e6e	-0.0027782526459989862	-0.000623925980232134	-0.0033452719550012017
c0d7c11c11c811f4efe2b5d54fb4ffb0	-0.002034522279284673	0.00015170823786683454	-0.002873347376870964
72c027393e981e42e7d2e8e8b277c571	0.005779904889141792	-0.018224433995887305	-0.0035677012944841484
12ff76e2bfcf33516a901115fc150813	-0.0016245605892804505	0.0005792560819621961	-0.0026132114374719548
4663e5f7d08dbc76e525d3b28030712c	-0.0011842045227457888	0.0010385021321950118	-0.002333789135751844
db0c9ac741b0d402306086fbc1521cba	-0.0011842045227457888	0.0010385021321950118	-0.002333789135751844
4b41294d409030f46d8e403ae37036c5	0.01629945388088934	0.020525709139883646	0.004585949136234233
20d3f3f12c33a6589bb16fa6532d6520	-0.0011842045227457888	0.0010385021321950118	-0.002333789135751844
f02d2e76c7cf983226a905f36d0cf074	0.0162590605753413	-0.019223788318527973	-0.016603132360038297
f2a2c4c3036f65e10cf1a3f733b5ed93	-0.00019155450840956263	0.002073733920722161	-0.0017039157835097509
53b21070c928d93d9fae9c6137e455d5	-0.00019155450840956263	0.002073733920722161	-0.0017039157835097509
03af966ff07ddef2b87da992b85b600b	0.006090019023185688	0.0026946746903187416	-0.0039253618727407135
9b23c3f394b79b8aa6c221925db2e2de	0.026337480353474774	0.026414232159913658	0.013292505953767486
9e5cfc2267331f118498f7aca32fbda3	-0.00891404092208115	0.0008191443617002241	0.006498291872419012
613b2d2641fd92ee369ee66c97befdda	0.01003065485021218	0.01015278213743088	0.008032755735840048
5fe0b4222bb3b2c0045d9550c8adc802	-0.012619594264879488	-0.0016804782124401306	0.015299016363611405
5786b1d75bdbd49fb942e5e8cce72cf3	-0.003226961984396625	0.00031600880142792657	0.0025107591746911127
e64d90b5efaee7eca362fbaff79c660f	0.018335276923852444	-0.03754437524667558	-0.016215088528990864
70e14d0eb54dafc546a06e460268d270	0.02050760393368317	-0.018172599087580902	-0.017242769535739725
479b84623906ff5006792cbbf62474e5	0.01696339794055413	-0.01776108914738036	5.4551992637269385e-05
00dd3922e22d57a4d2880f120522da13	0.008383090447730442	0.015740429965995426	0.02068175428494841
6e61f4bede587c68efcaa016e92085f2	-0.005630147709319862	0.0054933151874488936	0.01521305893791844
8408e794ffeec7ec04242c246d36bae6	0.00817243695600358	0.009390916544846962	0.002738505879373611
8cd7646d4eee2b702e680c9a36aa93ee	-0.0016089090905933917	0.014433865751837346	0.019732821614994008
157842c107cc51969aed860d154e5924	0.011558836779501251	0.0135607309033695	0.00908129762358699
d5afd202fdec49e85c0014789dbd2742	-0.03150727632514943	0.05046109247631483	0.037135132472282346
a02f4234fa22751b57d8a848c1f03077	-0.033287285120964225	0.04119636872883167	0.027943365103002795
5c82dc47435864e490625ae01151570e	-0.020664377879950964	0.026923059342358963	0.021403186462963564
7ae655ba90a38f099ae40b57b2134291	-0.0035531814643852445	0.0011859402537877208	0.0017743078976734464
d496f4457608d346d52b286856fd4660	-0.003098687670718715	-0.0015607178142271103	0.0008933057290620636
194a3f0cd4aad8a799baa488bba56d18	-0.011231455722632254	0.008712388878054544	0.008768218627658874
71a4d76ad1e2ea2939b657d6d90467f0	-0.009667152151206984	0.012938674873259176	0.005700228975215597
188accec55dbe0a296cd7e132a4b15e1	0.0013887729258565994	-0.004724602748915243	-0.0035073686029993873
0c4f891aedf2c827e6dba36ac87e2f2b	0.002754887902149545	-0.0013274186552106324	0.00507343595269018
b2bba50ae5022b13d0cd6641814e0713	-0.00015691089344321762	-0.006518929070924887	-0.00021422409137880857
ebaa08f6dd511000700fba0e45925358	-0.0007660726710045024	0.0008826675093473301	-0.0024512432467050055
9311a55bb590562981e05ce2805b2b1c	-0.01132529478296999	0.014850013498521943	0.00540435353898507
f4399e32a21ca8e018553945c7802b54	1.2803985545485e-05	-0.00017227675082144708	-0.003164526556250872
5eeef1d329eeca0449c37759b07992c4	1.2803985545485e-05	-0.00017227675082144708	-0.003164526556250872
ce1654b7ed5cbe150d256a72fffaeee7	0.004259727126761589	-0.010476661201876502	-0.005552973451645979
33e739b5a52a5905c9a2dac56ad0284e	0.006141422765950399	-0.007133206805255491	-0.0073508780848382796
f217a08093b665ce81a406001a6a00dc	0.01789871087778928	-0.01652808724140549	-0.011526616828924958
e4507de7c04749a637676bd9ddf1e5d6	-0.009137978216064878	0.018816104664589616	0.04313109866195552
6b694d799e64e40662193c9cb8639bac	0.009440574794267536	-0.014608399803546468	-0.010223557405601684
7179e410dae4da3c091f2f3e2689d397	-0.018038283684690903	-0.028779706159721075	-0.010853269942524906
9dc30f6e4606c1f665acf15d36198486	0.01150004187449305	-0.005761712079339719	-0.004283086890033222
90003a52f376aefd8f9737c740c36b65	0.010935384346024778	-0.03477111666018638	-0.011500290838764752
e6d1434a9aadf8b69a30545147bbee20	0.014099958201874997	0.0020026815819890547	0.004734856779873867
3e61f98844191c7b949d8d86e9a70500	0.0037792742609958872	-0.005279090937902939	-0.006695796895983948
42fe96a0cd8a241380da8826dbb6a2eb	0.006302240100595231	-0.009499878892780552	-0.007462426438023669
8ca4a3bc02a3e882f405bb4ef7fd2986	0.012207987095071643	-0.01476348749805812	-0.008871226081280348
852ad2d230b97f7ea515714f0d6348e0	0.013281424389615342	-0.016361648534770727	-0.013540027335492835
c26a76a9925c7eac20b119eeb5ef81ae	0.01635920750877912	-0.02972054877698683	-0.012834583403309056
6c6bdca9f9cfd9946fa819e2a1be6626	0.025678020056996403	-0.037025318208310905	-0.023152537239393
2b719f944ddc3c4e8bfc851bd2c145b8	0.023588688938887728	-0.03249370487068661	-0.022471299624485554
681b8604b8939af77212d71fee9731cd	0.013876974494727743	-0.03918774878451946	-0.01301285896934436
15f15df1cc9883bc07edf65f5bd22db6	0.008970780107684774	-0.014674466437354131	-0.010112606563916698
b558365592f7a8d645f69873f6cda354	0.00448956323780472	-0.011350569762571629	-0.007667215026579155
a6c8a0f34410f50fdad49c24cc175ff4	0.009413922990237845	-0.015587902374887755	-0.012935501888403565
c8e750fb7b0e57628e8124da96b4aeb6	0.005769556691781385	-0.01866170596366068	-0.004412900956461244
29badc754cac85f6754e947c9e4832c4	0.026492115195566147	0.0009002761378875394	-0.001039330207960519
1e196421632b0ae899f01d7bd831a808	0.009055952223049318	-0.019887887395238744	-0.011800379548958233
5be7a535f985986396a029cd47ae31d0	0.0011763309148597613	-0.007204178454598454	-0.006063368640168624
1119b0b0608655b5f9b0cb3865efe1a1	0.013837450637454026	-0.019990903559223658	-0.015996595637735863
771cf588a94b6f0ef822c049271ff2b7	0.010449095097205973	-0.013499017550052245	-0.01310493585525575
89a4db514c50db4dc2defd60e389c6a7	0.030221260453329592	-0.05991844024634116	-0.022462205349296844
2a74c57a46daec3a3def19aa4ad0a52b	0.03755899909988887	-0.06233541424531361	-0.037076287764620866
4a6495444ba0305f9b6f73d4ed0658a4	0.02080152444291313	-0.014268423655985728	-0.004766306469423369
bfe6aadce0fc4f802938cb633f5e0364	0.0013366745110603695	-0.05248680675767025	-0.010294410858681378
a6b6b795301ebacd388eec70cb9f8883	0.01056151982287218	-0.027377000837684615	-0.014574815656135807
ca52aa2eeea789eb5d974d381d5266eb	0.01729363120379429	-0.023621167869219393	-0.019162568178596184
ab231752aaef19497f63ca2fc028bd94	0.042331982835675276	-0.072935159062197	-0.03946535666086686
fcaa56f10e53aea488ecd360f6ddf1fe	0.020006134300673672	-0.03031086816022883	-0.021634613601350244
e4be35532341ddc005dfa9e81c026dfe	0.03154744566111821	-0.021422805786964486	-0.00023494124613343296
34cfede55db968083925d2b6200f44c0	0.02997998563806644	-0.048080530410649004	-0.015737054574079156
9870a4356604981fb7a9ed6542661de9	-0.0018787340897278876	0.0011653616140376568	-0.0012226498429549638
febbfa14c4e950910a264033fe1ee298	-0.03429931207244802	-0.0048995155501738346	0.020898442330798628
8c8598245ea67244fb156b6f31192a41	-0.014312259724248785	-0.007226067608862618	0.008309264966693092
00800eb269f05960263aaf62c36db377	0.009388609686287214	-0.022511863584810464	-0.008102240768674324
11d8580574f3267573b25087dfed6da6	0.03245844400728636	-0.007250106106742261	0.007469405848782389
234a11126a65f12ccaf9fd095799f86f	-0.0012467842706466994	0.0017952284612203777	-0.004283197623828412
153a1a44c922a952b93aa9c6205cb1af	-0.0011228520687662405	0.0014887797925626077	-0.003192319357897568
1a7a7b8a3847d6bc54065f0ec5494c63	-0.0010601779081984156	0.001333804630547985	-0.0026406477296887295
6e1bed88efdf1cefb517d17bc2df6677	-0.0010519083954131645	0.0013133565053227677	-0.0025678576748814344
78c4c18ba2b680a488bdcb210d5631fe	-0.0010343277543248324	0.001269884639464482	-0.0024131090383415076
1c7e248c7c9adaa11451e62c94899c49	-0.0009705931780329462	0.0011122873745425302	-0.0018521033996924594
9a61970ab2c8eda3a3e1efca5c520c5b	-0.0009578107463812652	0.0010806800997388032	-0.001739589648923991
07f73c1e2c04ddf8f5b69af7622a8922	-0.0009296562466345302	0.0010110621244813758	-0.0014917676027096187
85f8df57db2f9a2146052d83ffab47d7	-0.0009140309105826548	0.0009724251652587337	-0.001354229987479493
7d48abb13315e2cb726f39762250b0d6	-0.0008788083004390952	0.0008853297871296759	-0.0010441928922616897
693986950b3dc1c2c0f212eb28606c5a	0.000965734395766385	-0.009492988436283706	1.3954794582341639e-05
5718dce3184cce67c6ab18ebd1ec748e	-0.0010348370553338588	0.0008320878929543323	0.000596919141221961
75eec25634cfdd260f07a99fc65a1e05	-0.002603369476833637	0.003550923599163706	-0.001238632121138044
9f8243d3141c8b6ae33ce2d275b9ab60	0.028903833424737912	0.005630194344939576	-0.002303851248921726
968c519dc08def6b304b5de76a5d4db5	-0.001675605526842202	0.0021894669180606403	-0.0018141128859214789
78868277a693ebd5c71825f5a87d02e8	0.003929942396262858	-0.006224845793304428	-0.005464972340096116
5a14d2fe77e3b7376ec78cf00716225a	-9.062855704550694e-06	0.0007670723605729557	-0.0036827960281250113
76f8579af29671f745f5251666d2f52e	-0.001148911135897807	0.0012780145017219275	-0.002027755606448271
402e5913597695a16d7cad415ffff02f	-0.00029882162209370414	0.002935340735726248	-0.0003524711696416519
b1360336743541a96c3b7ba6f1687532	-0.00157183946984648	0.0014675940380999327	-0.0014136708196214021
c2b5d89e8f38dbd44832aa9eeb32f65c	-0.0017348737241520784	0.0015406748791408158	-0.0011769478401842202
8cf45fe9e1251163b5d801841857a873	-0.012976813446495832	-0.002386150036367572	0.012618395825722708
7004732ed8f3b037b0efeb9327d709bd	-0.0003728899172688754	-0.0025248152660277395	0.002127597895419708
3c4f19fed3277c70822f19430e1b8019	-0.004554774188140063	0.0014880060781412533	0.008372164415128731
50c444402975d39c64ed93315b288314	0.011271201471477645	-0.01613630287682172	-0.0016257841252403575
f377019d8629a3ea893f17681687c6c8	-0.006785018451012135	0.0005232047248575332	-0.0018515373098721278
ba347f2e2a7b83dce030ce77a8739a34	0.0173841755331166	-0.015679764226054573	0.0014679484476662371
402a8b09c3e1b546cd9484973564b406	0.01632055212683019	0.020247177885564818	0.004301201173958238
adc61945a7a169f9b0420e3fd8c958b9	-0.007710374615984305	-0.0007220222110984455	0.002474273500267193
453d154ea96311cfce41c8551128eed8	0.03923747960220301	0.005400938809200549	0.024250395574280915
3dfc8039e6bb7f24d1bbb4a68116926d	-0.0647658590047094	-0.07860878599156643	-0.03468624107398516
8c61f27030315f8a6c779430274a71c4	-0.02730680570717381	-0.017744630606917104	0.018607050779671452
57b58b077e60d4a4e38c191c9695458a	-0.00801318814471994	0.0023460823809320778	0.006759678599750549
e1459622efc4583ff370dccb69327aa3	0.010606764834511393	0.015783396541077584	0.0032891869591633606
f8c4363fb59f6d282bef5f38f783c09e	0.011964595180591227	0.005365269466524847	-0.0003554586801748142
3357c5f64ab94e2f61044fcca080005b	-0.018874157498080763	0.04054236617049419	0.010791710472456298
9156c2fdcccd3b0e63aa06898890dce9	-0.017450562211373387	0.030073379100825765	0.008641575625214644
a5f2527c7d20a22319bdcd489290cabf	0.002976861685975622	0.002657667099963869	0.0028106291951255475
3e05377c1326f9890f12626022eea34b	0.012660482822722184	-0.015317792026774874	-0.011847189335253692
27df824660fdd5663dabd2391f582b40	0.005292434757872557	-0.006375463347543553	-0.0030233579963111824
547909d0c8ddcb958112eac77a05d158	0.006563674681439487	-0.005947483869335123	-0.0003732594613635196
eccaf00c907ff01a3568f9ff2e82b2c0	0.0043883038817207065	-0.009013914067809405	-0.006592618315120748
232033e2648c205fb5c400666768fefe	-0.0007893391620055307	0.0012228750861372339	-0.0016709756117160683
8a74cb5ec082ec0e78a5ca3297e1371b	0.007004104286950468	-0.008897876322014263	-0.002629974232823731
460b3dbd6c3cd2a007f66d10294e96fa	0.013286675044912533	-0.01909470648782964	-0.010005593146786984
4aff14867292e50462716011e4a9974e	0.003157147744902447	0.008699365759979032	0.0038725319434890844
df45ff114fca650e2150e761e33d947f	-0.01767513233930167	0.009939015036413682	0.03304656846646635
6ac3332fdcfc469dc42133cc641aef82	-0.006494801368628834	0.0017876557599618658	0.0008849993788297053
3fc4810a398b83c7b312774c43716058	0.0015929101600542829	0.0029057333155807154	-0.005251751257171551
b0de53df183fbff0f122ab0f37fd7a09	0.0014175374925559066	0.0027920890088962637	-0.005048063820687245
3951319eb8a7b47224fe53a5cfa26fee	0.0009493931445274229	0.0024887239485430865	-0.004504335293803641
e193296d52077bb42e9e1cbc90a00879	0.0006333980384845764	0.002283954041954011	-0.004137321243041992
e70f8dd79a9f66968dc1e7c44311870f	0.0002686084600851217	0.0020475645331766313	-0.0037136346153577556
cbefae826ad6705778d334803d34f87f	-4.7386645957722895e-05	0.0018427946265875566	-0.003346620564596108
819f68f6d2bcacbc6be9a34b0ab76282	-0.00016284603567531567	0.0017679750866795658	-0.0032125196956004527
b5fe4cefe64841623d81b9d42c3c237d	-0.00028422895306057504	0.001689317005654984	-0.003071538916623478
257c9db20dcea2b179493c9bd5431b73	-0.0004121762243571769	0.0016064051178101774	-0.002922933936911869
8defcddf2880560379042c79e056b8af	-0.0006909036614845864	0.0014257852595499268	-0.002599204601228198
aa1a1d71d2b378482a61dc4ad4d07a6c	-0.0006909036614845864	0.0014257852595499268	-0.002599204601228198
4fd4bbbe5ba3bad87c53acec894626e4	-0.0008436307201176144	0.0013268156713131115	-0.0024218190171545672
5c96ec70d2839b27eb48f2226c96e2ca	0.0037385788396782724	-0.003838040850235726	-0.005359363637145198
06972733fa015fdbd065570cdce4000e	-0.0010068987675274335	0.001221015352960852	-0.002232190550466552
f3cc3b7ba38947557adf2de76d313ebc	-0.0011822714350258107	0.0011073710462763992	-0.002028503113982243
de16a417869ecabe21f967659b23b843	0.0022537256686374356	0.0013563288932789872	0.0014340742101717004
ead0bbd9dbb2a572621a9d9a18788962	-0.005709488900768537	0.007743157572868757	-0.0003087362469368467
1107fb029d15125fc0239fa07dd0e804	-0.0009690347238599967	-0.0031193753444539152	-0.0016304055388543495
98de9c070b64f6cdc676a9e221dbb61f	-0.008876660610271907	-0.00204277381117151	0.012617153591946659
a77be269de1232ef54d2d818c67d8820	-0.006369286099280912	0.011668085642147785	0.0018814985066815618
a0d65ed2ef2ebbce05008cbcd3c74498	-0.0009160715050207333	-0.004283270705025174	0.004023639419908216
217791e2b9f75aa3915ad540e35c3612	0.0011384575514498242	0.013642316445349875	-0.002205205207816942
262dc7bf78e937b0c7065aef82e18d08	-0.016343808823360485	0.006193799306051835	0.007507119696294194
dfa627278aec93a4c62f7c6e68bd8787	-0.004979256245166242	0.005688437197849913	0.0003155388079768864
88876612798720281127d4e0809176f2	-0.004363942941751164	0.004994768729002874	-7.861128282005658e-05
6145f51f090994c4a43f7cea73f90091	0.009439172126971733	-0.020562834839547767	-0.01089631927577736
e9ee7876c9e2cef1274334c3258ece4a	0.0011727653740975527	-0.0015766271473547876	-0.0032956581668662716
b192bcf4602268b74f2f47ee1201f7ec	0.0058396965359293635	-0.009052617207859001	-0.0063157027592349365
ee439d53b63264984b78ec36cb227b7b	0.011589563245258895	-0.015427510467589835	-0.002775077211818725
6e63bac516596455894b35b025e86a04	0.01387398579786558	-0.012247627939233442	-0.012908798908525155
fd701c4787f67af9cc94e6fad83b3fbb	-0.028668567336041	-0.006475813172054359	0.014616513225348536
0970d01abfcc45759c41e6dfdfd5c095	-0.002614069714211409	0.00442736482601312	-0.001239626331804731
cd2422c66d54d6e8ad1ba9bd6761b2f8	-0.001739105687565854	0.002673015155031579	-0.0017781855306066646
0d45088f81d3fccc71c703f9ff0853c5	-0.0012910351358378066	0.00177460973370898	-0.0020539826033966727
3680d20a87fd3082b8b63f13b7af912e	0.003864775611963901	0.002152819296351862	-0.005272410327316773
54f5a0b1f23ac50cf4aa6157ac234c23	0.001916887996612833	0.0017791394688925714	-0.00405550705429198
0af0f14b0958087ee3ef89bc4fc31952	0.001916887996612833	0.0017791394688925714	-0.00405550705429198
d8d36f808ce86de1e7e354259bd293d5	-8.66740224418749e-05	0.0013947791476481572	-0.0028038223269590745
e5e33ffb146eede8bbc2765e6a923460	-8.66740224418749e-05	0.0013947791476481572	-0.0028038223269590745
6936625df288af0fab470c9fcec50b07	-0.001025567905270184	0.001214663158731295	-0.0022172674199754873
443b1630113b531966c8fa3e3a43e618	-0.002637713981327776	0.0009053914826896576	-0.0012101118628028622
26a4d302689328af84781b3899d29085	-0.006152754255601279	0.00023107144859146612	0.0009858382427716127
d131b848a2401efed07a17c81509b65b	-0.006152754255601279	0.00023107144859146612	0.0009858382427716127
0687354fd8c564e8e70e4ed6141803c4	0.001515999154049454	0.0015870341467367811	-0.0041636418008520045
100dcc4d5bab65279e61cd3bf85046f1	-0.0016825285924855927	0.0008283520116769852	-0.0035471052030335575
8e3c2cd93abccf88556fede1ac61615e	-0.01204715843664942	-0.003514861376216913	0.01596509293677757
8192eeba4e203f65e81b76ff9ebae03f	-0.007499623115987144	-0.005776659910399048	0.005278688264386434
31c65a5507765522d25e331090f7b97f	0.0006413394676736606	-0.0032721967893449577	-8.59403223096152e-05
fed368a6643e07febbcd32e1e4a4099b	-0.007540634482925151	0.01592202725113992	0.002499404553372632
cde179f0f7e2d75123eaa5397187121a	-0.006801681438229517	0.012511756639793786	0.0022130118980086665
ed2e115df9ed4a9cf8de15df330c428e	-0.005895650594045141	0.01074394862394019	0.001518366672338832
9f7bb8b1b2df95a7f926ba85c3e53551	-0.004119592275004682	0.003115237411660684	0.000822265876365241
c265308eb3b071117df75b8c4bb8e023	-0.0009098295389236948	0.0010158312166461902	-0.0023042148812748987
b398fbe26b950014d5e83caadbd824b7	0.003288384369302833	-0.0072273333991910655	-0.004810756496653794
6fd72b57aad1ad0ddc56b7ba7c37d8c5	-0.001179895245153152	0.0011786871273557044	-0.0025318744372944467
381d674c3e2e549c0b21c7506313a6d4	-0.0005399804740344738	0.0013258678561357514	-0.0013559622903145671
fb1fff7e30cd432a7f2fbfbb2740b193	-0.0008726916830854257	0.0017316100689325636	-0.0024658910319906866
bd102ceee3390df6d561e17062af2d10	-0.0009486006579573525	0.0014531865940258862	-0.002335613415255243
cfeb33d30aa1b73ecca815bc65ff35f0	-0.001949712306176205	0.00164549061374335	-0.0011797397744785151
77db97d206d27809b4216127ac873bb8	-0.0009486006579573525	0.0014531865940258862	-0.002335613415255243
65b1dccc4d5d262bedfe6a3e7c38289a	3.06981411777618e-05	0.001319921332826746	-0.0033320620974715007
eaa809e504405d0c6259b795410d34d5	-0.0006130300156661002	0.0012564892283459979	-0.0026493185627051953
bc4e5226bdeafe47f8abdcbb9f974971	-0.0007592558991464258	0.0012420803269796348	-0.0024942301523253156
76d872f994336c2aa17ef03ae4f268b9	-0.0020337501753067795	0.0011164933797162284	-0.001142490729567381
e64306c05500164cb19ad77a6b897029	-0.0025182904111429533	0.001068747438299935	-0.0006285832519556384
455dc4d1f577d341534ed5ac27764192	8.185337482627584e-05	-0.0011981929464114154	-0.0019644864954210467
33b68099f712688fce3a89de16ad7fc0	0.006182190643390643	-0.0007527432742438648	-0.0063090432174225655
f068277651b04d509f03dd6927c124c0	0.0005502774532022711	0.0021903216123159313	-0.0023102658026975275
5f225952f1ee2d8e12d0e2074c68c0c8	0.0027932543915841898	0.0025170257168499995	-0.0036205620880977057
988f50f06682b711c9a84293fdd70368	-0.005914571856750097	-0.0011415972002905605	0.004033071522847432
dec8cff8d82c5c91fa1e5c6d987055c8	-0.007607859068753801	-0.002056826907356445	0.005263697051211342
0fbd32deffa627bb005623e00604807e	-1.2470474970650666e-05	0.0010261083279611283	-0.0033824940246153807
ef6ade25232944abace0ba5c69eecc15	-0.0001460493745702586	0.0010516052353308626	-0.0032279730112435806
1ec9ffb41dff1531925b8dc8170636ed	-0.0010073110864933274	0.001215998789670839	-0.002231685177584304
f96c16294ffbe349afa87ff6d975f902	-0.0012068677909175148	0.0012540892277786858	-0.0020008425498550023
cff95e363939d046770dc9aac1428dee	-0.0013491089030446396	0.001281239537228339	-0.0018363012873135682
49a8a363f1d988c113f7f6712edf95bf	-0.002537583313088311	0.00150808990083377	-0.000461501294523847
ec4647d116bec4d831f48e81d93e063c	-0.0030512363515738934	0.0016061335587895249	0.00013268078263206008
fd3df8e94eb6a5151fe5e03f1361449e	-0.003884214003789411	0.0017651283858412426	0.0010962502634573315
d73835da51464de444e732fe62aec643	-0.0043118192302578	0.0018467476451910312	0.001590894201347392
d7c310c36117c4cccad8d1993a4d0b42	0.0009324354118902916	-0.00035746616919907464	-0.005052632153754308
7c4c540d1c28796387e326b8ed4b6b05	0.00048245996697181975	6.728313500512626e-06	-0.004398628569653396
93561fbd7bb376ba9b9cf5904af023e8	-8.972288165233961e-05	0.00046983322048495474	-0.003567006226729603
f52e34a07ff2e814f50950ea181cb271	-0.0013486699084844678	0.0014887811794483232	-0.0017372266753352317
8a7700a863da7b84671a015eeb5e8425	-0.001788225712569841	0.0018445423670737475	-0.0010983672119343364
d9780abb3d1be3c26e31930df28189f6	-0.0006471939254962223	0.007616611591354646	-0.00405442338812969
6fb977c7454efd2079d3a1bdfdb16242	-0.006989945125311455	0.0007578520556404743	-0.00738116936054796
60e12856ffd806f3dd226a3cd840e61a	-0.001753410397944459	0.001040367406429152	-0.0027663089065442744
7ec9e9a27507ee431568c92efcbf0e7a	-0.00032228945279572595	0.0014597294898025732	-0.004178209127768593
ce902171276d5cdcd5fb8760d442bbc1	-0.0006833235136623876	0.0013328913865273515	-0.0031572982868189187
f39ed1dc4e1a2790f3dd72c518ce70d8	-0.0008499510193604459	0.0012743519879855906	-0.0026861188458564716
cb3d079a11c664ff8cda2fe772796ca7	-0.0008957808730860912	0.0012582510923914527	-0.002556523886324582
dd754a805a9253b2b3e078fbef4d3154	-0.0009435615101263865	0.001241464849672621	-0.002421412616698596
b0432c419b4bdc720dfabd7b128a7419	-0.0009934664155679261	0.0012239323112325099	-0.002280294466074427
e6c104e76bf6bf80f6b782f126266c66	-0.0010456932980835267	0.0012055840182699155	-0.0021326103655184042
b670a32caf9c9c29ac78e6b7ec24938e	-0.0015840982529970776	0.0010164321606549126	-0.000610140563160138
76a8adfec34ca0c847da9799c35613f1	-0.0016739602410648692	0.0009848619423334032	-0.0003560341290262414
b882e020a15c95d2434d70dbdcb594ca	-0.0017716457835467061	0.0009505431611744635	-7.980470877609654e-05
3dc5155bbe041570c964a449b26c492f	0.004096728955382038	0.001579735758684835	-0.0022321856926057694
0bf6e3455aa68b1a76589e704865d81b	-0.0015834749885378827	0.0008858600476638474	-0.003351534106752557
4a765a31e0cf23936b0d98af5f0b7b81	0.007623604885734004	0.002480495127429156	-0.00884523962619088
2a50bfbf1bc7b769a5d123a8423b45dd	0.00179145641243376	0.0016273298572044895	-0.0043747851127288314
3cbcdd4f0f9f32817f77a0e289d2dce9	-0.000108183021044159	0.001349438030888292	-0.002918674775651569
8db9ec3c6c2da03db22d64f72b6f0c7d	0.003906902959356132	0.0035857790720988437	-0.005373163493779934
1a60dc38c4ab6c6060a8c4bb4659446d	0.0043030188881317015	0.004209737951960322	-0.005540624688410616
5c287e5268af8df1ba300e64506b3f5c	0.003014861548992486	0.0034845646577951533	-0.004737224045010657
839d602fb90b72f666a93b36ea4d97b3	0.0024257450814018883	0.0031529192007773744	-0.004369802663538662
0b6977d6ed9d1b7e7c2407920d2af130	0.002111679837553592	0.002976114923423765	-0.0041739258002776065
9323251d98c865e8cf8e7a7b2ea80840	0.001438284383014068	0.002597024275715623	-0.0037539411252679685
fe76720aaa7b583594df189f993dc3d2	0.001438284383014068	0.002597024275715623	-0.0037539411252679685
d0b698c7298bf04110a6d2f220879bfb	0.001438284383014068	0.002597024275715623	-0.0037539411252679685
678b210d3b56e6951de26da307c36a55	0.000693880244048201	0.0021779590068682656	-0.00328966960654617
ea9450b789949ac93b1fa6232a90e9a4	0.00029003863817218004	0.0019506147696730129	-0.0030378008354461344
5034f4f9a75ef688bb1553cdd2db772c	0.00029003863817218004	0.0019506147696730129	-0.0030378008354461344
b960096f2e7a73be34b0db663a8539a0	-0.00013829278296435135	0.001709483893636089	-0.0027706582055252666
035bb1546db624b08a9436eff525a497	-0.00013829278296435135	0.001709483893636089	-0.0027706582055252666
9f5583b5f82d08b9f7e96a47a762df4d	-0.00013829278296435135	0.001709483893636089	-0.0027706582055252666
02871d1eb30198992ebda41fa8b80ffb	-0.0010817327493592747	0.001178370614620917	-0.002182251608767897
0c20af87ca2b84d2c52b13feadf61002	-0.0016053281480450383	0.0008836105037726502	-0.0018556945435676917
4e3767d7425e6843f8ddc770f040520f	-0.0016053281480450383	0.0008836105037726502	-0.0018556945435676917
574adfa806a4e2e09565a48357b1ad66	-0.0016053281480450383	0.0008836105037726502	-0.0018556945435676917
b6cd5122741737be43462b345cd5c95e	-0.002785616145669122	0.00021916268416652648	-0.0011195700750131663
722c1072810c920b87f317b70fe09302	-0.002785616145669122	0.00021916268416652648	-0.0011195700750131663
a7788abf1b93c800f84f078244089f4f	-0.002785616145669122	0.00021916268416652648	-0.0011195700750131663
0bc58ddaa4dea13e6b13dc57def19065	0.0012509750553097384	0.0009262936870400605	-0.004407954804051417
8647aba7be52979bf949e214d87b19b3	-0.00041247202871925234	0.001139949995189579	-0.002804117610879013
9fcff75e55457b4058ee26b43dcd804a	-0.0007539867900366638	0.0011838148008586067	-0.0024748410853573173
5d2d9740a31cca94c625ca761c2daf86	-0.0007539867900366638	0.0011838148008586067	-0.0024748410853573173
b124186366ad481973f76d5ce986fa6c	-0.0009993756751534248	0.0012153330161107476	-0.0022382457499721176
ba15b7d6c606f856818bc867fe5c51e8	-0.0011280738856916698	0.0012318632591182092	-0.0021141594602802176
609c22c02fa84076f3056603a6eb4ac9	-0.001541607984358447	0.0012849783654918252	-0.0017154444218190103
f3d9933ee16d5a9dea273a6002e05150	-0.001541607984358447	0.0012849783654918252	-0.0017154444218190103
3e0e4a00d3ad26a4eb5fca794f939966	-0.0033573792908711503	0.0015181994865711222	3.525843109457156e-05
7405a250dbf9d8d39a31de626b7a3b49	-0.0033573792908711503	0.0015181994865711222	3.525843109457156e-05
896b56ba9e9e209f5a20ab6696c49e49	-0.0035953275220784995	0.0015487620100794368	0.000264679749586765
b4750039ae1a799c106f66b1f34e12ec	-0.004119430728558959	0.0016160788230162955	0.000770001634295191
6ba560a76661744bc65eed04953c1314	-0.004724463477717693	0.0016937903803816822	0.0013533529386467692
c0c165f497c5643073f8348d8ca6795f	-0.0011498200888244638	0.0012059443901637705	-0.00213374593808428
f35447cf566c404952fac7bd94c513ff	-0.002073751703976655	0.0011307657252695909	-0.0015167215227868298
10dcea2f87af35839269358ae1f8fd21	-0.002331041510862343	0.0011098305133390397	-0.0013448970175397746
16d1373cf4187b93c903d8428f2bcd88	-0.0031836078331811284	0.0010404587148265395	-0.0007755321122763115
e3064dc22ea1c1084cae7e065ec8305c	-0.0059073640060297705	0.0008188315411116152	0.0010434597182910777
1ffa51a947945289a92dcaa0cad62651	-0.0059073640060297705	0.0008188315411116146	0.0010434597182910773

Site	48	3
A1	-0.2901734661933719	-0.35137531619469276	-0.13885442647547738
A2	-0.017540311801721664	0.007724872554783824	-0.16523863654262133
A3	-0.05937818108846783	0.1534356048102859	-0.134589071914059
A4	-0.0556169144016405	-0.2912451555861665	0.03909658858767267
A5	0.030260662822011366	-0.048329030426087174	0.0940456328054068
A6	0.09944663828183793	0.01835447243747328	-0.025383943127820996
B1	-0.16399554472628092	-0.16891491921722435	-0.0767298774012667
B2	-0.2822816359226337	0.2990793923272134	0.3626431841886045
B3	0.03801120090032899	0.1296875669129072	-0.15443502150503088
B4	0.021296368039513687	-0.04539053737750217	0.10998741629053739
B5	-0.026658118037370008	0.015040488303689377	0.3107637355476619
B6	0.12598050619578513	-0.11984157267940387	0.14735499899186477
C1	-0.28773435383753854	-0.30090537122114636	-0.11580410261517489
C2	-0.17599278241852698	0.24432289240206354	0.09873889919390598
C3	-0.10335232298842499	-0.010304895747380133	-0.11081764849241084
C4	-0.15015446279532707	-0.3306752495564708	-0.022282674241567657
C5	-0.05157670881748949	-0.008642287198806262	0.22043897973057516
C6	0.0866873415838219	-0.004542278120168164	0.03646754008591248
D1	-0.12939583287298964	-0.05226174078932655	-0.1330591742879997
D2	-0.22339758229376094	0.1941469800895848	0.17559500418911528
D3	0.21444369939030955	0.08077690250711321	-0.14860579861098305
D4	-0.048817268862737066	-0.1432599459183218	-0.01873589413051939
D5	-0.024661750986834725	0.023143546544517918	0.26442514823493257
D6	0.27523234915815387	0.03554387611622376	-0.07916105507699854
E1	-0.07542909296369324	0.15842193090991333	-0.11375872074047148
E2	-0.1467290683127884	0.22717910476530453	0.11159789709070521
E3	0.07898472016144256	0.0395762077462857	-0.18204206442312623
E4	-0.03551260666151422	-0.04552058625211233	0.01220427989867559
E5	0.0678635056981531	-0.019859957728964973	0.18253793105204213
E6	0.12808940381791278	-0.05630293181841018	0.07697226161248356
F1	0.26964490959637183	-0.05065552400665526	-0.03458336937554384
F2	-0.09005102691438757	0.13047230082768352	-0.015490687559088258
F3	0.04715576475972552	0.07430214021242239	-0.1998993862514698
F4	0.13099878915455843	-0.09623619412382238	0.14392503765538242
F5	-0.00013538734253267973	-0.005161030843321068	0.0731057239479868
F6	0.15023425816275374	-0.17421417407592332	0.19783662241495334
G1	-0.036683369800507085	0.19226118240096007	-0.12305909782895248
G2	-0.1461005055285758	0.02317532958480055	-0.1726215529896931
G3	0.16360288688092683	0.16463050253228545	-0.1506602841830225
G4	0.028453259803877896	-0.02478791549980669	-0.017785854499489523
G5	-0.05634488114610578	-0.04373602238920489	-0.02724241003806931
G6	0.20176548413928333	-0.030642188655855638	0.03020687349377546
H1	-0.12066239932846531	0.1789432552818573	-0.11694228685405929
H2	-0.03313709217789658	0.06377151961265141	-0.18619669816359374
H3	0.1858534536638309	0.1372949411735726	-0.1263020289343793
H4	0.20030158905126014	-0.08177415062504348	0.09549544214551428
H5	0.042992122632319676	-0.005813682337261283	-0.15791360363092544
H6	0.24421375432740286	-0.0808923516645164	0.1647561727361049

Biplot	0	0

Site constraints	0	0
