	Axis1_35_8	Axis2_17_8	Axis2_9_52																																															
caecumZT6.RF4	-0.086805771	-0.029398857	0.155917135																																															
caecumZT14.RF3	-0.105210578	-0.03108923	-0.121264672																																															
caecumZT22.RF3	-0.050426718	0.19942845	-0.174107241																																															
caecumZT10.LD3	-0.085320239	0.021942206	-0.142639211																																															
caecumZT2.LD1	-0.089224013	-0.102456779	-0.016201277																																															
caecumZT2.RF5	-0.064604387	0.112975625	-0.02577449																																															
caecumZT18.LD3	-0.090064319	-0.094850339	0.070822866																																															
caecumZT2.LD5	-0.082406689	-0.003568863	0.026547928																																															
caecumZT22.DD1	0.174712689	0.205138692	0.207829334																																															
caecumZT22.LD1	-0.068655474	0.118353911	-0.037564145																																															
caecumZT6.LD3	-0.064326865	0.072771772	0.16449696																																															
caecumZT18.RF4	-0.110791657	0.097782403	-0.129574174																																															
caecumZT6.LD2	-0.072758498	0.082763372	-0.031647632																																															
caecumZT2.RF4	-0.061095806	0.083766939	0.018427032																																															
caecumZT14.LD2	-0.10390047	0.069469665	-0.15870732																																															
caecumZT14.LD4	-0.001658847	0.214046238	0.084166016																																															
caecumZT2.DD2	-0.042550861	0.10345503	0.036118488																																															
caecumZT10.RF1	0.667511473	-0.091609325	0.228521343																																															
caecumZT18.DD2	-0.05846044	0.150655059	-0.009852094																																															
caecumZT22.RF4	-0.058848793	0.096628397	-0.052187413																																															
caecumZT10.LD4	-0.106988661	-0.1082864	-0.050385475																																															
caecumZT10.RF4	0.749028167	-0.550342916	-0.005933696																																															
caecumZT14.DD3	-0.029868836	0.225060709	-0.026608407																																															
caecumZT6.RF3	-0.095897879	0.112879879	-0.150764792																																															
caecumZT22.DD4	0.209006697	-0.310755141	-0.108787253																																															
caecumZT6.DD4	-0.036210011	0.107686463	0.024811939																																															
caecumZT2.DD1	-0.097013981	-0.082910199	-0.132009865																																															
caecumZT18.DD4	-0.154756045	-0.151037063	-0.253030918																																															
caecumZT2.DD4	-0.083846657	-0.072568406	0.060024195																																															
caecumZT18.RF2	-0.083411308	0.106685048	-0.121789132																																															
caecumZT14.LD3	-0.110406872	-0.102841779	0.116748402																																															
caecumZT6.LD4	-0.018098932	0.256642043	-0.038492435																																															
caecumZT18.RF3	-0.053507027	0.26142445	-0.036456908																																															
caecumZT14.DD1	-0.059682022	-0.163591883	0.191983276																																															
caecumZT2.RF2	-0.047552454	0.10356857	0.170900717																																															
caecumZT22.DD3	0.063248671	-0.314593994	0.293308541																																															
caecumZT22.LD2	-0.132162532	-0.157253678	-0.249552988																																															
caecumZT6.RF2	-0.080633163	-0.027539396	0.086814207																																															
caecumZT2.DD5	-0.083942879	0.099498941	-0.121493922																																															
caecumZT10.RF3	0.214709358	-0.359137038	0.010112139																																															
caecumZT14.RF2	-0.095166995	0.007220684	0.067740078																																															
caecumZT14.RF4	-0.089630087	-0.134065939	0.249020365																																															
caecumZT22.RF2	-0.047870581	0.253236069	-0.028525492																																															
caecumZT10.LD2	-0.060949817	0.040794749	0.220184987																																															
caecumZT6.DD3	-0.06005836	0.114533389	0.058095675																																															
caecumZT18.DD3	-0.088737591	-0.035963686	-0.066402123																																															
caecumZT2.LD2	-0.078837291	0.06801752	0.0163313																																															
caecumZT14.DD2	-0.031124708	0.14246763	0.07981279																																															
caecumZT22.DD5	-0.091187841	0.073391786	0.095177887																																															
caecumZT2.RF1	0.32269594	-0.376867146	0.029846864																																															
caecumZT6.DD2	-0.076124212	-0.05721766	0.140027223																																															
caecumZT6.RF1	0.119278681	-0.168512661	0.222873272																																															
caecumZT6.LD1	-0.038748064	0.187201028	0.227987236																																															
caecumZT18.LD5	-0.114119241	-0.052273757	0.00815613																																															
caecumZT10.RF2	0.187119778	-0.496656059	-0.187685088																																															
caecumZT2.LD4	0.151407006	-0.314076352	-0.071224114																																															
caecumZT22.LD3	-0.107639132	-0.134561763	-0.16508121																																															
caecumZT18.DD5	-0.058223437	0.076340762	0.109059263																																															
caecumZT18.LD4	-0.091149038	-0.049534412	-0.038035466																																															
caecumZT18.RF5	-0.043592593	0.234740648	-0.036042031																																															
caecumZT18.RF1	-0.075054085	0.182777764	-0.085011629																																															
caecumZT18.LD1	-0.112751981	-0.07872739	-0.21733688																																															
caecumZT18.DD1	-0.059081837	-0.062647769	-0.122572111																																															
caecumZT22.LD4	-0.059790869	0.082750656	0.193250969																																															
caecumZT6.RF5	0.324006925	0.176161684	0.018050047																																															
caecumZT2.RF3	-0.105687603	0.010507397	-0.139118131																																															
caecumZT14.RF1	-0.106004452	-0.107668957	0.143696836																																															
caecumZT14.RF5	-0.074539569	0.055687292	0.147718391																																															
caecumZT2.LD3	-0.02519606	-0.158955742	-0.159334275																																															
caecumZT18.LD2	-0.056504196	0.162838918	0.048549268																																															
caecumZT14.DD5	-0.085569308	0.039768553	-0.134087111																																															
caecumZT6.DD1	-0.126057526	-0.097315894	-0.078709091																																															
caecumZT2.DD3	-0.11734554	-0.045864309	-0.107831229																																															
caecumZT6.DD5	1.735896166	0.48732447	-0.176970421																																															
caecumZT14.DD4	-0.126486388	-0.044413404	-0.104651729																																															
caecumZT6.LD5	-0.044303466	-0.129230678	0.090314489																																															
																																																		
Biplot	0	0																																																
																																																		
Site constraints	0	0																																																