Site	Axis1_43.3	Axis2_21.4	Axis3_8.28																						
dsiLZT22.LD4	-0.037420448	0.386489875	-0.020801264																						
dsiLZT2.LD4	-0.165302832	-0.146717654	-0.065729173																						
dsiLZT18.LD1	0.033467485	0.330648766	0.021074781																						
dsiLZT18.DD1	0.155551365	-0.194824602	0.382240079																						
dsiLZT2.LD2	-0.152841756	-0.128098225	0.002837599																						
dsiLZT6.LD1	-0.021332413	0.657187868	0.081657593																						
dsiLZT14.DD4	0.104274122	0.414397199	0.073017283																						
dsiLZT6.DD1	-0.062152197	0.073239453	-0.022624767																						
dsiLZT22.LD3	-0.225121333	-0.130437056	-0.108531089																						
dsiLZT22.DD2	0.929314554	-0.166426295	-0.378894632																						
dsiLZT18.DD5	0.320534336	0.332047974	0.149616777																						
dsiLZT18.LD2	-0.006619237	0.382288217	0.013446791																						
dsiLZT18.LD5	-0.052892751	0.290082052	-0.051991904																						
dsiLZT10.DD4	-0.03990251	0.317650182	-0.016671003																						
dsiLZT14.DD2	-0.064818948	0.011306286	0.058763605																						
dsiLZT18.LD4	0.092201334	0.330369195	0.077316008																						
dsiLZT18.DD4	-0.001806882	0.02391534	0.106864709																						
dsiLZT2.DD3	-0.230833149	-0.160412383	-0.113100754																						
dsiLZT6.LD5	-0.120595192	-0.037932666	-0.030279803																						
dsiLZT2.LD3	-0.218572999	-0.140659564	0.003095115																						
dsiLZT2.DD2	-0.202951986	-0.179302619	-0.031060887																						
dsiLZT14.LD3	-0.204500947	-0.157363299	-0.038478086																						
dsiLZT6.LD2	-0.063511435	0.209361949	-0.043385074																						
dsiLZT2.LD5	-0.342188667	-0.211988085	-0.143690085																						
dsiLZT2.LD1	-0.224034237	-0.170575228	-0.07077985																						
dsiLZT18.DD3	-0.040155672	-0.068503861	0.070347581																						
dsiLZT2.DD1	-0.120999423	-0.096678573	0.040254813																						
dsiLZT6.DD4	-0.147571201	-0.034197809	-0.040921815																						
dsiLZT10.LD2	-0.217253703	-0.148262642	-0.046372561																						
dsiLZT10.DD1	-0.171287093	-0.124221788	-0.0571261																						
dsiLZT14.DD1	0.494827032	-0.443206044	0.469073827																						
dsiLZT22.DD3	0.824608818	-0.350587593	0.00384993																						
dsiLZT2.DD5	-0.01651734	0.533227594	0.058646157																						
dsiLZT14.LD2	-0.196685205	-0.139157744	-0.025116878																						
dsiLZT22.DD1	1.537886476	0.010876793	-0.344743056																						
dsiLZT6.LD4	-0.229483493	-0.146925354	-0.103111936																						
dsiLZT22.LD1	-0.025028734	0.243901099	-0.013626493																						
dsiLZT18.LD3	-0.135100358	-0.018756221	-0.024239861																						
dsiLZT2.DD4	-0.210621321	-0.157342516	-0.074484798																						
dsiLZT6.DD2	-0.238312574	-0.138201175	-0.117041315																						
dsiLZT10.LD3	-0.322532203	-0.235514749	-0.098582475																						
dsiLZT22.DD4	0.482205497	-0.239616602	0.499775465																						
dsiLZT6.DD3	-0.187678467	-0.176138254	0.04597908																						
dsiLZT10.LD4	-0.278244312	-0.20494124	-0.076471531																						