Site	Axis1_34.3	Axis2_24.3	Axis3_10.5
dsiLZT22.LD4	0.411147851	0.044873252	0.127418254
dsiLZT2.LD4	-0.121255957	0.074805913	0.070966746
dsiMZT10.LD2	0.042379278	-0.106009885	-0.177009261
dsiMZT2.LD2	-0.110303543	-0.031308646	-0.035891651
dsiLZT18.LD1	0.361218671	-0.050836994	0.000994088
dsiMZT14.LD3	-0.109283506	-0.003673163	-0.103330409
dsiLZT2.LD2	-0.094682698	-0.014977322	-0.131061612
dsiLZT6.LD1	0.707561714	-0.047622338	0.135014672
dsiMZT6.LD1	0.583380151	-0.04534233	0.059145167
dsiMZT6.LD4	-0.117068259	0.113806429	0.015339463
dsiMZT10.LD3	-0.30637584	0.111453141	0.101261241
dsiLZT22.LD3	-0.125227569	0.152210007	0.114840683
dsiLZT18.LD2	0.413491965	0.004642379	0.048090542
dsiMZT18.LD3	0.033479051	-0.128759575	-0.179079426
dsiLZT18.LD5	0.3398537	0.080782449	0.128230936
dsiMZT22.LD1	-0.008102738	0.114266879	0.056150674
dsiMZT14.LD2	-0.093134927	-0.020606336	-0.138229644
dsiMZT14.LD4	-0.089275079	0.131396855	0.07593906
dsiLZT18.LD4	0.38963898	-0.127751923	-0.007958618
dsiMZT10.LD4	-0.178456404	0.083839705	-0.052276545
dsiLZT6.LD5	0.003474334	0.0988065	0.104290523
dsiMZT2.LD4	-0.17904021	0.157193389	0.108543051
dsiMZT2.LD3	-0.20849888	0.033049082	0.058538575
dsiLZT2.LD3	-0.101810813	0.123229802	-0.052783817
dsiMZT14.LD1	-0.375754596	-0.940492472	0.410189658
dsiMZT6.LD3	-0.038300153	-0.232917762	-0.132278014
dsiLZT14.LD3	-0.138064223	0.057491913	-0.108316369
dsiLZT6.LD2	0.234091737	0.077003608	0.08030761
dsiLZT2.LD5	-0.241911031	0.282676707	0.111226881
dsiMZT2.LD1	-0.299219231	-0.570864491	0.128203973
dsiLZT2.LD1	-0.148755317	0.105733402	-0.016990332
dsiLZT6.LD3	-0.039976291	-0.217135522	-0.196228437
dsiMZT22.LD4	0.022016164	-0.147287812	-0.17762903
dsiMZT2.LD5	-0.219637543	0.23016506	0.089865998
dsiMZT18.LD2	-0.094878399	-0.111128288	-0.242262281
dsiLZT10.LD2	-0.125990002	0.072987178	-0.083864783
dsiLZT22.LD2	-0.069299771	0.174685857	0.113911431
dsiLZT14.LD4	0.116042237	-0.084145242	-0.188917911
dsiLZT14.LD2	-0.106584625	0.033361793	-0.123120636
dsiLZT6.LD4	-0.132347936	0.113358095	0.118114442
dsiLZT22.LD1	0.321751868	-0.001306631	0.094673145
dsiMZT18.LD5	0.200504078	-0.147226136	-0.175593769
dsiMZT6.LD2	0.286498167	0.090419302	0.130025697
dsiLZT18.LD3	0.016641559	0.079551122	0.062667702
dsiLZT10.LD3	-0.253389259	0.241393012	0.003741003
dsiLZT10.LD4	-0.200007095	0.170806959	-0.047283087
dsiMZT22.LD3	-0.134279169	0.179290526	0.111912432
dsiLZT10.LD5	-0.111659597	0.010122081	-0.004527856
dsiMZT18.LD4	0.089399157	-0.214009529	-0.284970159