Site	Axis1_32.0	Axis2_28.1	Axis3_11.8
psiLZT18.DD5	0.330889252	0.165573999	0.022118588
psiLZT22.LD3	-0.272360741	0.092585668	0.069373909
psiLZT18.LD5	0.449193979	0.217892975	0.119340589
psiLZT2.DD1	-0.037213875	-0.353805821	-0.047607907
psiLZT14.DD2	-0.03278456	-0.253474116	-0.092709141
psiLZT14.LD3	-0.435129366	0.053823202	0.231115846
psiLZT2.LD5	-0.386093157	0.143392109	0.148390434
psiLZT2.LD1	-0.290877689	0.152381979	0.117712879
psiLZT10.DD4	-0.02551317	0.15782706	-0.055139396
psiLZT6.LD2	0.071423022	0.211796732	-0.208696587
psiLZT2.DD5	0.087222944	-0.274336909	-0.007618768
psiLZT18.DD1	-0.079480238	-0.178770542	-0.049891266
psiLZT18.LD1	0.099404758	0.071396225	-0.071456751
psiLZT14.DD4	0.251027951	-0.058672622	0.049026752
psiLZT14.LD5	-0.11176813	0.183760685	-0.35495838
psiLZT6.DD2	0.268893518	0.083645832	0.26942727
psiLZT2.DD4	-0.07755569	-0.367385437	-0.054809872
psiLZT14.DD5	-0.058429542	-0.37386975	-0.055401328
psiLZT18.LD2	0.23435634	0.271145709	0.016377567
psiLZT6.LD4	-0.387016074	-0.065052317	0.221993418
psiLZT22.LD2	0.287350538	-0.14235299	0.137328551
psiLZT14.LD2	-0.100068092	-0.400536235	-0.064033007
psiLZT22.LD1	0.346466941	0.08958173	0.048887782
psiLZT18.LD3	0.013820473	-0.267188975	-0.081356057
psiLZT10.LD3	-0.136416352	0.177994158	-0.061354623
psiLZT22.LD4	0.176202057	0.113807049	-0.095499407
psiLZT2.LD2	0.118467294	-0.196522102	0.055837548
psiLZT14.DD3	-0.236681498	0.202181339	-0.036556212
psiLZT6.LD1	0.339280878	0.307839332	-0.029343138
psiLZT10.LD4	-0.042385596	0.14657604	0.156790249
psiLZT6.DD5	0.026307005	0.222552863	0.04479194
psiLZT6.LD5	-0.154720467	0.057493185	0.08932019
psiLZT22.DD1	0.382205397	-0.128183808	0.129682745
psiLZT18.DD2	-0.020704073	0.177416329	-0.332616602
psiLZT2.LD3	-0.258389447	0.055909277	0.137288952
psiLZT6.DD1	0.118535145	-0.2492025	0.049414059
psiLZT18.DD4	0.212282817	-0.092168128	0.016554529
psiLZT10.DD5	-0.139611721	0.063566675	0.002053927
psiLZT2.DD3	-0.018052548	0.145395505	-0.121189078
psiLZT18.DD3	0.043701889	-0.224110564	-0.070559132
psiLZT10.LD2	-0.253116551	0.240891714	-0.244978044
psiLZT14.DD1	-0.226099941	0.149016586	0.1168995
psiLZT22.DD3	-0.07656368	-0.329811143	-0.113952529