Site	Axis1_29.2	Axis2_16.9	Axis3_14.2
psiMZT10.LD3	-0.111032578	-0.136804328	-0.228011113
psiLZT22.LD3	-0.2371419	0.138522232	-0.037582434
psiMZT2.LD3	0.07352735	0.197758546	-0.047050187
psiMZT18.LD3	-0.080099704	-0.138845171	0.290450924
psiLZT18.LD5	0.524568299	0.211660814	0.033205351
psiMZT14.LD1	0.165686844	-0.019001799	0.038872437
psiMZT22.LD1	0.124513862	0.443678781	0.080228932
psiMZT14.LD2	-0.065857177	-0.187724367	0.078992343
psiMZT22.LD5	-0.160530255	-0.284626251	0.215659225
psiMZT14.LD5	-0.015110162	-0.185364893	-0.209768444
psiLZT14.LD3	-0.387328816	0.309802445	-0.009025565
psiLZT2.LD5	-0.330224508	0.237864393	-0.102497729
psiMZT2.LD1	-0.132107902	-0.2996076	-0.172613708
psiMZT2.LD5	0.185753527	0.191633568	0.040307913
psiLZT2.LD1	-0.258146569	0.149007321	-0.102384411
psiLZT6.LD3	0.005400724	-0.140324072	-0.171701472
psiMZT10.LD4	0.053486003	-0.156016859	-0.179113153
psiMZT6.LD3	-0.261774137	0.223106096	0.006624915
psiLZT18.LD4	-0.116649094	0.053459737	-0.118215937
psiMZT6.LD2	0.268321602	-0.069979937	-0.12003181
psiLZT6.LD2	0.129533877	-0.120913503	-0.174890575
psiLZT18.LD1	0.093756951	-0.09135363	0.03459647
psiMZT14.LD3	-0.19125077	-0.049092163	-0.046914248
psiMZT22.LD2	-0.130655168	-0.167446633	0.208282411
psiLZT14.LD5	-0.056655757	-0.219324313	-0.23936153
psiLZT18.LD2	0.311824564	0.059987892	-0.079503114
psiMZT10.LD2	0.071757177	-0.100391118	-0.049581715
psiLZT6.LD4	-0.382820593	0.298920809	0.069662216
psiLZT22.LD2	0.231252621	0.035975665	0.328909014
psiLZT14.LD2	-0.205297893	-0.124929122	0.386902819
psiLZT22.LD1	0.331058725	-0.000100921	0.113228254
psiMZT18.LD5	0.429603958	0.209484403	-0.012206243
psiLZT18.LD3	-0.085968535	-0.135238737	0.302393998
psiMZT22.LD3	-0.259414079	0.153092402	-0.063165144
psiLZT10.LD3	-0.119152274	-0.014954585	-0.147115798
psiLZT22.LD4	0.170870528	-0.10684513	0.026946294
psiMZT2.LD2	-0.097599419	-0.183727691	0.154969524
psiLZT2.LD2	0.038923403	-0.081290292	0.310504765
psiMZT6.LD5	-0.051521635	-0.205066737	0.055609361
psiLZT6.LD1	0.414055666	0.069561061	-0.121490751
psiLZT10.LD4	-0.040392717	0.104598425	-0.027752219
psiMZT6.LD1	0.497904983	0.167777576	-0.011339218
psiLZT6.LD5	-0.163578866	0.075281836	0.028052551
psiMZT18.LD4	0.255204639	-0.053901259	-0.073104037
psiMZT18.LD1	0.014708062	-0.172297176	-0.207471983
psiLZT2.LD3	-0.25402125	0.169155241	-0.007003898
psiMZT22.LD4	-0.231299111	0.144364385	0.036936796
psiLZT10.LD2	-0.129851396	-0.104424619	-0.261906174
psiMZT18.LD2	0.1637689	-0.095100718	0.179466096